WRIST.x,WRIST.y,WRIST.z,THUMB_CMC.x,THUMB_CMC.y,THUMB_CMC.z,THUMB_MCP.x,THUMB_MCP.y,THUMB_MCP.z,THUMB_IP.x,THUMB_IP.y,THUMB_IP.z,THUMB_TIP.x,THUMB_TIP.y,THUMB_TIP.z,INDEX_FINGER_MCP.x,INDEX_FINGER_MCP.y,INDEX_FINGER_MCP.z,INDEX_FINGER_PIP.x,INDEX_FINGER_PIP.y,INDEX_FINGER_PIP.z,INDEX_FINGER_DIP.x,INDEX_FINGER_DIP.y,INDEX_FINGER_DIP.z,INDEX_FINGER_TIP.x,INDEX_FINGER_TIP.y,INDEX_FINGER_TIP.z,MIDDLE_FINGER_MCP.x,MIDDLE_FINGER_MCP.y,MIDDLE_FINGER_MCP.z,MIDDLE_FINGER_PIP.x,MIDDLE_FINGER_PIP.y,MIDDLE_FINGER_PIP.z,MIDDLE_FINGER_DIP.x,MIDDLE_FINGER_DIP.y,MIDDLE_FINGER_DIP.z,MIDDLE_FINGER_TIP.x,MIDDLE_FINGER_TIP.y,MIDDLE_FINGER_TIP.z,RING_FINGER_MCP.x,RING_FINGER_MCP.y,RING_FINGER_MCP.z,RING_FINGER_PIP.x,RING_FINGER_PIP.y,RING_FINGER_PIP.z,RING_FINGER_DIP.x,RING_FINGER_DIP.y,RING_FINGER_DIP.z,RING_FINGER_TIP.x,RING_FINGER_TIP.y,RING_FINGER_TIP.z,PINKY_MCP.x,PINKY_MCP.y,PINKY_MCP.z,PINKY_PIP.x,PINKY_PIP.y,PINKY_PIP.z,PINKY_DIP.x,PINKY_DIP.y,PINKY_DIP.z,PINKY_TIP.x,PINKY_TIP.y,PINKY_TIP.z,TIME
0.42935189604759216,0.5944149494171143,0.0,0.4694839119911194,0.6124875545501709,-0.0019580544903874397,0.5014058351516724,0.6427484154701233,-0.011337652802467346,0.523909330368042,0.672743022441864,-0.02335929684340954,0.5430713295936584,0.6929548382759094,-0.03525921329855919,0.4861637055873871,0.614580512046814,-0.025143837556242943,0.4771656394004822,0.668079137802124,-0.04289262741804123,0.46668869256973267,0.7029023766517639,-0.051747143268585205,0.46017947793006897,0.7328938245773315,-0.056943077594041824,0.4593592882156372,0.6120896339416504,-0.035497795790433884,0.44169241189956665,0.687933623790741,-0.05653825402259827,0.4325386583805084,0.7314566969871521,-0.06261783093214035,0.4265550673007965,0.7649933695793152,-0.06701679527759552,0.43610578775405884,0.617838442325592,-0.04451415315270424,0.42149245738983154,0.6946700215339661,-0.06359254568815231,0.41747304797172546,0.7426540851593018,-0.0629500076174736,0.41522443294525146,0.7790132761001587,-0.062219616025686264,0.41685453057289124,0.6291593313217163,-0.05356953293085098,0.40813958644866943,0.6945701241493225,-0.06683068722486496,0.40547677874565125,0.7317346930503845,-0.0648026168346405,0.40104538202285767,0.7615227103233337,-0.06256163865327835,0.2109063000000333
0.44274285435676575,0.5984786748886108,0.0,0.472408264875412,0.6003563404083252,-0.007936830632388592,0.500717282295227,0.6119930148124695,-0.02135341614484787,0.521271288394928,0.6342542767524719,-0.03577864542603493,0.5330840945243835,0.6550619602203369,-0.0510442852973938,0.4809645712375641,0.588007390499115,-0.04175726696848869,0.48305797576904297,0.6135491728782654,-0.06464997678995132,0.4797409474849701,0.6527106165885925,-0.07653524726629257,0.47679856419563293,0.6836501955986023,-0.08346013724803925,0.46735456585884094,0.6034672856330872,-0.04918655380606651,0.4607471823692322,0.6446235775947571,-0.07523410767316818,0.4598120152950287,0.6920738816261292,-0.08538147807121277,0.45727241039276123,0.7270113229751587,-0.09240122884511948,0.45570242404937744,0.6247989535331726,-0.05487453565001488,0.45149970054626465,0.6715558171272278,-0.07871469855308533,0.4498603343963623,0.7234640717506409,-0.08212067931890488,0.4464775323867798,0.7612459063529968,-0.08368988335132599,0.44655320048332214,0.6490742564201355,-0.06048247590661049,0.44824254512786865,0.6959591507911682,-0.07791224867105484,0.44691336154937744,0.7259069085121155,-0.07890164107084274,0.44353944063186646,0.7468938231468201,-0.07875150442123413,0.2504431999999497
0.5071853995323181,0.45243069529533386,0.0,0.5281286239624023,0.4209308624267578,-0.011204371228814125,0.5526988506317139,0.4263867735862732,-0.025249971076846123,0.5691521167755127,0.4639204144477844,-0.03642677143216133,0.578047513961792,0.4974234104156494,-0.04641449823975563,0.529878556728363,0.4047325551509857,-0.05592286214232445,0.5713682174682617,0.44654157757759094,-0.07273782789707184,0.570999026298523,0.46251922845840454,-0.07437378913164139,0.563112735748291,0.46518632769584656,-0.07323668152093887,0.5176057815551758,0.4422592520713806,-0.05776544660329819,0.5623040199279785,0.4979188144207001,-0.07683064788579941,0.5668777823448181,0.510010302066803,-0.07383183389902115,0.5627514123916626,0.5090967416763306,-0.0700344368815422,0.5125100016593933,0.47892406582832336,-0.05707412585616112,0.5530572533607483,0.5283520221710205,-0.0704667717218399,0.5587363243103027,0.534034788608551,-0.06210407614707947,0.5561942458152771,0.5304781794548035,-0.0559459887444973,0.5118903517723083,0.5122097730636597,-0.056492675095796585,0.543125569820404,0.5471042990684509,-0.06436550617218018,0.5479236841201782,0.5464510917663574,-0.05899105221033096,0.543986439704895,0.5399953722953796,-0.05449492484331131,0.38701290000005883
0.5232024192810059,0.37547099590301514,0.0,0.5403766632080078,0.3287826180458069,-0.0006843795417807996,0.5695694088935852,0.30352550745010376,-0.009449408389627934,0.5979034900665283,0.3072124421596527,-0.017499038949608803,0.616344153881073,0.31981343030929565,-0.025352181866765022,0.5615795850753784,0.2821075916290283,-0.036312252283096313,0.6037425994873047,0.29144731163978577,-0.04960854724049568,0.6247877478599548,0.3094106614589691,-0.05247561261057854,0.6393452882766724,0.3241198658943176,-0.05342583730816841,0.5565394163131714,0.31429511308670044,-0.04334651678800583,0.602565586566925,0.33286723494529724,-0.05687086284160614,0.6279014348983765,0.35079771280288696,-0.05547799915075302,0.6451511979103088,0.36359599232673645,-0.05482453852891922,0.5529044270515442,0.35168731212615967,-0.04831584915518761,0.5959959626197815,0.36942753195762634,-0.05899960175156593,0.6212434768676758,0.38526323437690735,-0.055215898901224136,0.6387551426887512,0.3932141065597534,-0.05325743183493614,0.5509292483329773,0.3885679841041565,-0.05270582437515259,0.58543461561203,0.40240561962127686,-0.06144317239522934,0.6058183908462524,0.4120791256427765,-0.05975102633237839,0.6209476590156555,0.4163631200790405,-0.05838361382484436,0.4758966000000555
0.5262807011604309,0.3630440831184387,0.0,0.542181134223938,0.31457385420799255,0.00182681146543473,0.5676919221878052,0.2829000651836395,-0.004073009360581636,0.5916293263435364,0.2683238685131073,-0.010289872996509075,0.6096851825714111,0.2578134536743164,-0.016434114426374435,0.570081889629364,0.2648380994796753,-0.019755549728870392,0.6068762540817261,0.27254655957221985,-0.02932276576757431,0.6297702789306641,0.27761515974998474,-0.03311143070459366,0.6477640271186829,0.28136181831359863,-0.03531702607870102,0.5677250027656555,0.290642648935318,-0.02677922695875168,0.6123113632202148,0.3034172058105469,-0.03727458417415619,0.6384018063545227,0.3104669749736786,-0.039063166826963425,0.6578565835952759,0.31404444575309753,-0.04072235897183418,0.5673620104789734,0.32502925395965576,-0.032366275787353516,0.6104350686073303,0.33676835894584656,-0.040949683636426926,0.6357885599136353,0.34466177225112915,-0.040083594620227814,0.6546699404716492,0.346929669380188,-0.039875470101833344,0.567460834980011,0.3615744113922119,-0.037442658096551895,0.6011265516281128,0.3697812259197235,-0.04404271021485329,0.6199793815612793,0.3734382092952728,-0.04306216910481453,0.6354039907455444,0.37326133251190186,-0.04233747348189354,0.5143705000000409
0.5332838296890259,0.34826210141181946,0.0,0.5491724014282227,0.2981964945793152,0.003289530985057354,0.5748003721237183,0.2689806818962097,-0.002552991034463048,0.5987778306007385,0.25754982233047485,-0.008908974006772041,0.617607057094574,0.25377708673477173,-0.015336776152253151,0.5771027207374573,0.24557927250862122,-0.019746065139770508,0.6136435866355896,0.2501452565193176,-0.029265282675623894,0.638163685798645,0.2519141733646393,-0.03350004926323891,0.6580983400344849,0.25436165928840637,-0.03601502254605293,0.5771392583847046,0.268435537815094,-0.02740398980677128,0.6206560730934143,0.2763459384441376,-0.037029143422842026,0.6480657458305359,0.2807254493236542,-0.039084292948246,0.669465959072113,0.2834872603416443,-0.04114983603358269,0.5784754753112793,0.30105432868003845,-0.03345208615064621,0.6224669218063354,0.30644935369491577,-0.0411713533103466,0.6477728486061096,0.31042569875717163,-0.041125524789094925,0.6673933267593384,0.3102429211139679,-0.04184473305940628,0.5796704888343811,0.33604300022125244,-0.03880767524242401,0.6144509315490723,0.3420138359069824,-0.04465360566973686,0.6340553760528564,0.34474965929985046,-0.04393238201737404,0.6505784392356873,0.3436930775642395,-0.0437130406498909,0.5488307000000532
0.5407061576843262,0.3315111994743347,0.0,0.5551011562347412,0.27967867255210876,0.0039527094922959805,0.579980731010437,0.24955523014068604,-0.0011845530243590474,0.6048827767372131,0.23960313200950623,-0.00679424125701189,0.6249954104423523,0.23639406263828278,-0.012429589405655861,0.5835832953453064,0.22483128309249878,-0.018768656998872757,0.6201876997947693,0.22573095560073853,-0.027362490072846413,0.6449282765388489,0.2266061007976532,-0.030492132529616356,0.6646093726158142,0.2278558611869812,-0.03211522102355957,0.5850743651390076,0.24835985898971558,-0.026476603001356125,0.6284805536270142,0.2515246570110321,-0.03490554541349411,0.6562309265136719,0.25352779030799866,-0.035628825426101685,0.6774685382843018,0.2550963759422302,-0.03676294907927513,0.587476372718811,0.28113922476768494,-0.032605480402708054,0.6310747861862183,0.2815176844596863,-0.039152562618255615,0.6558130383491516,0.28288885951042175,-0.03776835277676582,0.6742147207260132,0.28129997849464417,-0.03763573616743088,0.5892785787582397,0.3165304660797119,-0.038070958107709885,0.624129056930542,0.31641432642936707,-0.043225325644016266,0.643750786781311,0.31738942861557007,-0.041766755282878876,0.659582257270813,0.31626731157302856,-0.04094381257891655,0.5927801000000272
0.5495468378067017,0.3109821081161499,0.0,0.560975193977356,0.2564847469329834,0.0053621577098965645,0.5842967629432678,0.22463791072368622,0.0013428867096081376,0.6087443828582764,0.2122337818145752,-0.0031888706143945456,0.627821683883667,0.2085283100605011,-0.007838768884539604,0.5885421633720398,0.20073950290679932,-0.017222322523593903,0.6243486404418945,0.19307535886764526,-0.02439826726913452,0.6487447619438171,0.1879955232143402,-0.02711327187716961,0.6681708097457886,0.183940589427948,-0.02860161103308201,0.5932013988494873,0.22230331599712372,-0.024728287011384964,0.6354089975357056,0.21744754910469055,-0.03181681036949158,0.664218008518219,0.21265289187431335,-0.03294651582837105,0.6863391995429993,0.20988044142723083,-0.03456899896264076,0.5985205173492432,0.2529132068157196,-0.03033546358346939,0.6412804126739502,0.2455390840768814,-0.03520083427429199,0.6658903956413269,0.24208712577819824,-0.034409768879413605,0.6837312579154968,0.2370752990245819,-0.03513357788324356,0.6030047535896301,0.2857392132282257,-0.03514758124947548,0.6382642984390259,0.28048983216285706,-0.03887457400560379,0.6580472588539124,0.27867186069488525,-0.03751297667622566,0.6737607717514038,0.27546390891075134,-0.03712157532572746,0.6255135000000109
0.5552926063537598,0.2962907552719116,0.0,0.5656366348266602,0.24320222437381744,0.007447142619639635,0.5852304100990295,0.20784571766853333,0.005036615300923586,0.606840193271637,0.19026342034339905,0.0014864623080939054,0.6231574416160583,0.18651452660560608,-0.001963166519999504,0.5927935242652893,0.18394896388053894,-0.012799634598195553,0.6315078735351562,0.17436061799526215,-0.01864662766456604,0.6548045873641968,0.17170873284339905,-0.020010078325867653,0.6719480752944946,0.17072641849517822,-0.020555447787046432,0.5970391035079956,0.20498225092887878,-0.02120736427605152,0.6419573426246643,0.19929289817810059,-0.02630726806819439,0.6689643263816833,0.19919973611831665,-0.025706039741635323,0.6878345012664795,0.20004934072494507,-0.026203444227576256,0.6023561358451843,0.2354593575000763,-0.02782619185745716,0.6455368399620056,0.22759786248207092,-0.030698450282216072,0.6702840924263,0.227309450507164,-0.028468498960137367,0.6868627667427063,0.22503092885017395,-0.028483431786298752,0.6068971157073975,0.2693549692630768,-0.03371231630444527,0.6417267918586731,0.26260432600975037,-0.03572620823979378,0.6604670882225037,0.26088830828666687,-0.03347533568739891,0.6741620302200317,0.25732189416885376,-0.032630354166030884,0.6737908999999718
0.5584428906440735,0.28514739871025085,0.0,0.5689728856086731,0.23193350434303284,0.008239156566560268,0.5885891318321228,0.19618192315101624,0.0059922682121396065,0.6110886931419373,0.18136419355869293,0.002387750195339322,0.628673255443573,0.18037381768226624,-0.0009358989191241562,0.5942740440368652,0.17199021577835083,-0.01402615662664175,0.6380105018615723,0.1659582257270813,-0.020887359976768494,0.6593460440635681,0.17243137955665588,-0.021039027720689774,0.67237389087677,0.17810705304145813,-0.020295297726988792,0.5987210869789124,0.19427457451820374,-0.02357962355017662,0.6469215154647827,0.18516886234283447,-0.030459459871053696,0.67299485206604,0.1868889331817627,-0.028365736827254295,0.6904046535491943,0.18977884948253632,-0.027285462245345116,0.6035707592964172,0.2254079282283783,-0.0313805416226387,0.6488838195800781,0.21575243771076202,-0.03596679866313934,0.6729444265365601,0.21620486676692963,-0.03199024870991707,0.6885027289390564,0.21527759730815887,-0.030203305184841156,0.6076242923736572,0.260883092880249,-0.03843972831964493,0.6430391669273376,0.253440797328949,-0.041622307151556015,0.6618972420692444,0.2506406903266907,-0.03864578157663345,0.6756525635719299,0.2468990683555603,-0.03680908679962158,0.7085084000000279
0.5603052377700806,0.27885550260543823,0.0,0.5694854855537415,0.22677072882652283,0.007077012676745653,0.5892615914344788,0.19016265869140625,0.0043101124465465546,0.6117501854896545,0.1758573055267334,0.0002608050126582384,0.6293888688087463,0.17543214559555054,-0.003492960939183831,0.595585823059082,0.16529661417007446,-0.015765363350510597,0.6390984654426575,0.15550807118415833,-0.023677801713347435,0.6610146760940552,0.16067710518836975,-0.0242391899228096,0.6747041940689087,0.16794414818286896,-0.023623375222086906,0.6005504131317139,0.18818338215351105,-0.024999916553497314,0.6481471657752991,0.17821449041366577,-0.03316020593047142,0.6729660630226135,0.18026721477508545,-0.0311192087829113,0.689211368560791,0.18454571068286896,-0.029747866094112396,0.6055442094802856,0.21954430639743805,-0.03261541202664375,0.6499590873718262,0.2094617486000061,-0.038970399647951126,0.6732504963874817,0.20916986465454102,-0.035399265587329865,0.688610851764679,0.20857354998588562,-0.033373091369867325,0.6096104383468628,0.2547758221626282,-0.03953009098768234,0.6436467170715332,0.24730592966079712,-0.044451385736465454,0.662273645401001,0.243489608168602,-0.04216504842042923,0.6760541796684265,0.23956997692584991,-0.04039052128791809,0.7587451000000556
0.5622202754020691,0.27531707286834717,0.0,0.5714454054832458,0.22243423759937286,0.00746927410364151,0.5908626914024353,0.18542663753032684,0.005077755078673363,0.6128851175308228,0.1696051061153412,0.0012937199790030718,0.6305219531059265,0.16625744104385376,-0.002217000350356102,0.598656415939331,0.1629830300807953,-0.014559811912477016,0.6419559717178345,0.15102291107177734,-0.021814612671732903,0.6632528901100159,0.15591081976890564,-0.021987134590744972,0.6764237284660339,0.16315816342830658,-0.02119295299053192,0.6039717793464661,0.1856064647436142,-0.023989176377654076,0.6511809229850769,0.1740877628326416,-0.031115271151065826,0.674753725528717,0.17490652203559875,-0.028826219961047173,0.689857542514801,0.1788894534111023,-0.02748839743435383,0.6088036298751831,0.21627657115459442,-0.03180438280105591,0.6527624130249023,0.20482845604419708,-0.03702711686491966,0.6748374104499817,0.20329956710338593,-0.03343862295150757,0.6892192959785461,0.2025638371706009,-0.03173006698489189,0.6124430298805237,0.25107240676879883,-0.038972318172454834,0.6465426087379456,0.2427537739276886,-0.043344881385564804,0.6649872064590454,0.23859824240207672,-0.04119815677404404,0.6784716248512268,0.23503705859184265,-0.039687637239694595,0.7965564999999515
0.5642523765563965,0.2773585915565491,0.0,0.5734196901321411,0.22342514991760254,0.007738431449979544,0.5920137166976929,0.18549442291259766,0.005568621214479208,0.6139394044876099,0.1700051873922348,0.001923468429595232,0.6319836378097534,0.16837267577648163,-0.0015014897799119353,0.6000610589981079,0.16196420788764954,-0.013907214626669884,0.6423202157020569,0.14997518062591553,-0.021004099398851395,0.6641457676887512,0.1544007658958435,-0.021210595965385437,0.6780532002449036,0.16173990070819855,-0.020493999123573303,0.6052709817886353,0.1844598352909088,-0.023480728268623352,0.6515138149261475,0.17372913658618927,-0.03069158084690571,0.6752892732620239,0.17510831356048584,-0.028475875034928322,0.6907324194908142,0.17921289801597595,-0.02712373249232769,0.6101721525192261,0.21537046134471893,-0.03144223988056183,0.6536182761192322,0.20489133894443512,-0.036720260977745056,0.6755881905555725,0.20339611172676086,-0.03308923542499542,0.6898685097694397,0.20213009417057037,-0.03133787587285042,0.6139845252037048,0.25063636898994446,-0.03876475244760513,0.6481749415397644,0.2430075854063034,-0.0431031696498394,0.6665438413619995,0.2388499528169632,-0.040892742574214935,0.6797746419906616,0.2346678078174591,-0.03936055302619934,0.845034299999952
0.5633207559585571,0.2781170606613159,0.0,0.572596549987793,0.22346225380897522,0.008812448009848595,0.5907593369483948,0.18686693906784058,0.007611334789544344,0.6130692958831787,0.17189277708530426,0.00474550249055028,0.6308140158653259,0.17130112648010254,0.002143183257430792,0.6001889109611511,0.16208522021770477,-0.011066446080803871,0.6421739459037781,0.15109537541866302,-0.017007343471050262,0.6636173129081726,0.1559070497751236,-0.016818538308143616,0.6768492460250854,0.16329169273376465,-0.015976041555404663,0.6060821413993835,0.1839628666639328,-0.020754333585500717,0.6524055600166321,0.174193874001503,-0.0267405416816473,0.6761254668235779,0.17574910819530487,-0.02440773695707321,0.6916714906692505,0.17944158613681793,-0.02318321168422699,0.6114466190338135,0.21442314982414246,-0.028837967664003372,0.6547369956970215,0.2052268385887146,-0.0329519622027874,0.6767433285713196,0.203560009598732,-0.029452620074152946,0.6910820007324219,0.20179405808448792,-0.028047719970345497,0.6154934167861938,0.24990718066692352,-0.0362604483962059,0.6495271325111389,0.2428906112909317,-0.03980522230267525,0.6674582362174988,0.2393156886100769,-0.03755622357130051,0.6803069114685059,0.23517996072769165,-0.03613225370645523,0.8813801000000012
0.563959538936615,0.27800095081329346,0.0,0.573358952999115,0.2229471206665039,0.008408889174461365,0.5918770432472229,0.18584281206130981,0.006812862120568752,0.6140310168266296,0.1709614098072052,0.0037463572807610035,0.6318513751029968,0.16970384120941162,0.0009221992222592235,0.6009832620620728,0.16299426555633545,-0.01315439771860838,0.6431630849838257,0.15162619948387146,-0.019443746656179428,0.6647993922233582,0.1556587517261505,-0.018906401470303535,0.6785115003585815,0.16269516944885254,-0.01763909123837948,0.6066790819168091,0.18636386096477509,-0.02259276807308197,0.6531252861022949,0.1759748011827469,-0.029148126021027565,0.6765835285186768,0.17719829082489014,-0.02625799924135208,0.6915604472160339,0.18103346228599548,-0.024346301332116127,0.6119742393493652,0.21783320605754852,-0.030322443693876266,0.6552661061286926,0.20724718272686005,-0.03508327156305313,0.677015483379364,0.20533350110054016,-0.030938202515244484,0.6907592415809631,0.20381030440330505,-0.028739456087350845,0.6158894300460815,0.2530924081802368,-0.03734258934855461,0.6497371196746826,0.2445003241300583,-0.04122543707489967,0.667488694190979,0.23993656039237976,-0.038634125143289566,0.6799104809761047,0.2355271577835083,-0.0367349237203598,0.9295805000000428
0.564353883266449,0.2788981795310974,0.0,0.573721706867218,0.2239265888929367,0.007225894369184971,0.5918776392936707,0.18580050766468048,0.005068115424364805,0.6136506795883179,0.16975384950637817,0.0015827143797650933,0.6315619945526123,0.16742628812789917,-0.001649402896873653,0.6012527346611023,0.1631728708744049,-0.0137390848249197,0.6434326767921448,0.15265512466430664,-0.020357215777039528,0.6648669838905334,0.15559272468090057,-0.020320869982242584,0.6787552237510681,0.16117015480995178,-0.01945580169558525,0.6066016554832458,0.18688064813613892,-0.022768929600715637,0.6525346636772156,0.17759934067726135,-0.029523909091949463,0.6760320067405701,0.17836004495620728,-0.02717973105609417,0.6914181709289551,0.18155431747436523,-0.02573033608496189,0.6118186116218567,0.21842385828495026,-0.030211664736270905,0.6546057462692261,0.20842786133289337,-0.03512491658329964,0.6763710379600525,0.20658127963542938,-0.03136897087097168,0.690330982208252,0.20467525720596313,-0.029513806104660034,0.6159284114837646,0.25350138545036316,-0.03708267584443092,0.649425745010376,0.2447824627161026,-0.04109007492661476,0.667079746723175,0.24014078080654144,-0.03874785080552101,0.6796327233314514,0.2353428155183792,-0.03711077198386192,0.9681315000000268
0.5627061128616333,0.27952840924263,0.0,0.5724784135818481,0.22451089322566986,0.009019511751830578,0.5905020236968994,0.18716497719287872,0.007735477760434151,0.6127386689186096,0.1712878942489624,0.004922681488096714,0.6308976411819458,0.16910259425640106,0.0024072781670838594,0.6000815033912659,0.16317933797836304,-0.012734330259263515,0.6419673562049866,0.1569889336824417,-0.018648095428943634,0.662629246711731,0.16530895233154297,-0.017518196254968643,0.6746398210525513,0.17334944009780884,-0.015830807387828827,0.605883777141571,0.18661023676395416,-0.0224007498472929,0.652865469455719,0.17735768854618073,-0.028959613293409348,0.6767140030860901,0.17941516637802124,-0.02587977796792984,0.6919835209846497,0.1830175668001175,-0.02376319281756878,0.6112166047096252,0.2183210551738739,-0.03025512397289276,0.6552008390426636,0.20849747955799103,-0.03486024960875511,0.6769468784332275,0.20742382109165192,-0.030322670936584473,0.6907451748847961,0.20586811006069183,-0.027815740555524826,0.6152943968772888,0.25408241152763367,-0.03732863441109657,0.6498501896858215,0.24545425176620483,-0.04098266363143921,0.6677550673484802,0.24119140207767487,-0.03806952014565468,0.680531919002533,0.23635786771774292,-0.03588777035474777,1.00991190000002
0.5637195110321045,0.2783384919166565,0.0,0.5732915997505188,0.2243737131357193,0.006848205346614122,0.5925895571708679,0.1866205334663391,0.004453429486602545,0.6150411367416382,0.17174100875854492,0.0009700061054900289,0.6328644156455994,0.17092575132846832,-0.002159134019166231,0.6005114316940308,0.16323624551296234,-0.014952849596738815,0.6434289216995239,0.15599161386489868,-0.021646153181791306,0.6650175452232361,0.16286075115203857,-0.021437495946884155,0.6785080432891846,0.17053942382335663,-0.020436281338334084,0.6058513522148132,0.18746617436408997,-0.023786570876836777,0.6523515582084656,0.1796608418226242,-0.030302824452519417,0.6761018633842468,0.18116404116153717,-0.02768901363015175,0.6917513608932495,0.18467888236045837,-0.0262347012758255,0.6108161807060242,0.219535693526268,-0.030989868566393852,0.6542920470237732,0.21059951186180115,-0.03559877350926399,0.6759877800941467,0.20884035527706146,-0.031799137592315674,0.6902444958686829,0.20665243268013,-0.030081607401371002,0.6147161722183228,0.2553499937057495,-0.037588492035865784,0.6486466526985168,0.2477354258298874,-0.04164518043398857,0.6667841672897339,0.2434539645910263,-0.0393800251185894,0.6801103949546814,0.23862726986408234,-0.037830132991075516,1.0563641999999618
0.5601184368133545,0.27832913398742676,0.0,0.5706939697265625,0.22503919899463654,0.009285900741815567,0.591025710105896,0.1901567131280899,0.007935363799333572,0.6150838732719421,0.17757412791252136,0.005175537895411253,0.6337948441505432,0.17819510400295258,0.002696346491575241,0.597565233707428,0.16265040636062622,-0.014045829884707928,0.6413577795028687,0.15961730480194092,-0.020041147246956825,0.6626722812652588,0.17017126083374023,-0.018913038074970245,0.6749759912490845,0.17932352423667908,-0.01736431196331978,0.6025867462158203,0.18535783886909485,-0.023907335475087166,0.6512351632118225,0.1779428869485855,-0.03037984110414982,0.6761268973350525,0.18168868124485016,-0.02722802944481373,0.6927530765533447,0.18603068590164185,-0.02534608356654644,0.6073284149169922,0.21692630648612976,-0.031835101544857025,0.6535136699676514,0.20884621143341064,-0.0363428071141243,0.6764739155769348,0.2088046818971634,-0.03226092830300331,0.691985547542572,0.2073626071214676,-0.030398884788155556,0.6111757755279541,0.25376445055007935,-0.03882208839058876,0.6470948457717896,0.2477346509695053,-0.04261081665754318,0.665635883808136,0.24436898529529572,-0.04003628343343735,0.6794798374176025,0.2395860105752945,-0.03831369802355766,1.0929665999999543
0.5586691498756409,0.2790950536727905,0.0,0.5702061057090759,0.22616086900234222,0.010837982408702374,0.5908303260803223,0.19176636636257172,0.009666395373642445,0.6144168972969055,0.17843440175056458,0.006809473969042301,0.6326726675033569,0.1784120798110962,0.00424589030444622,0.5966833233833313,0.16325420141220093,-0.014375356025993824,0.6409544944763184,0.15905222296714783,-0.02111055515706539,0.6630995869636536,0.16877037286758423,-0.02042335271835327,0.6766911745071411,0.177584707736969,-0.01909615471959114,0.6004239320755005,0.1857825517654419,-0.02520066313445568,0.6498899459838867,0.17863553762435913,-0.033656951040029526,0.6756898760795593,0.18342596292495728,-0.031285375356674194,0.6930549144744873,0.1889762431383133,-0.029441600665450096,0.6049292683601379,0.21792161464691162,-0.0338156558573246,0.6525334119796753,0.21099020540714264,-0.03991638869047165,0.6770389080047607,0.213120236992836,-0.03577767312526703,0.6935595273971558,0.2139512598514557,-0.03336893394589424,0.608961820602417,0.25478726625442505,-0.041235458105802536,0.6466333866119385,0.25024154782295227,-0.04519975930452347,0.6661170125007629,0.24794062972068787,-0.04210371896624565,0.6808274388313293,0.24494226276874542,-0.03989429771900177,1.1347531999999774
0.5562644004821777,0.2814074754714966,0.0,0.5693362355232239,0.23047398030757904,0.011928493157029152,0.5893341898918152,0.19481758773326874,0.010933770798146725,0.6105479001998901,0.17870868742465973,0.0075568766333162785,0.6266918182373047,0.17543873190879822,0.004379589110612869,0.5965535044670105,0.16728076338768005,-0.011255222372710705,0.6408733129501343,0.162413090467453,-0.01872924529016018,0.6636622548103333,0.17131993174552917,-0.019821805879473686,0.677868127822876,0.1796368658542633,-0.019973238930106163,0.5991112589836121,0.1877642124891281,-0.023288384079933167,0.6494477391242981,0.1819930374622345,-0.032429926097393036,0.6758682727813721,0.18683785200119019,-0.03207430616021156,0.6934301853179932,0.19272074103355408,-0.03191128745675087,0.6024597883224487,0.2183791697025299,-0.03321666643023491,0.6501746773719788,0.21409790217876434,-0.039711933583021164,0.6755643486976624,0.21654705703258514,-0.037220221012830734,0.6930103302001953,0.21716243028640747,-0.03624177351593971,0.6056841611862183,0.2542441487312317,-0.04200415313243866,0.6427890658378601,0.25462397933006287,-0.0461583137512207,0.6617164611816406,0.2540196478366852,-0.04389907047152519,0.6761631965637207,0.2515372335910797,-0.04266195371747017,1.1675206999999546
0.5550727248191833,0.28865060210227966,0.0,0.5687710046768188,0.23946984112262726,0.010534596629440784,0.5883342623710632,0.2007485330104828,0.008206102065742016,0.6070072650909424,0.17891211807727814,0.0030912342481315136,0.622258722782135,0.16872638463974,-0.0017927457811310887,0.5970895290374756,0.1766200065612793,-0.010885315015912056,0.6388087868690491,0.16691675782203674,-0.02043985389173031,0.6616808772087097,0.1735791265964508,-0.02352873422205448,0.6766462326049805,0.18158671259880066,-0.02499210089445114,0.5976915955543518,0.19416049122810364,-0.023340407758951187,0.6465585231781006,0.18664535880088806,-0.034281931817531586,0.672868013381958,0.19165323674678802,-0.03541373834013939,0.6903766989707947,0.19808737933635712,-0.036216095089912415,0.5987451672554016,0.22256675362586975,-0.03416557237505913,0.6451050639152527,0.21990226209163666,-0.04275168105959892,0.6704492568969727,0.22324110567569733,-0.04139241203665733,0.688139796257019,0.2243594527244568,-0.04090586304664612,0.5998261570930481,0.2564444839954376,-0.04407741129398346,0.6351470351219177,0.2599724531173706,-0.04979110509157181,0.6533368229866028,0.2601618468761444,-0.04825921356678009,0.6671833395957947,0.2578352987766266,-0.047492753714323044,1.2054306999999653
0.5520190000534058,0.29808560013771057,0.0,0.5685164928436279,0.24936001002788544,0.007773627992719412,0.5902100801467896,0.2108529955148697,0.004010388161987066,0.6107538342475891,0.1895597279071808,-0.001989757874980569,0.6279233694076538,0.17936541140079498,-0.00753669161349535,0.5938816666603088,0.18174205720424652,-0.014856469817459583,0.6348286271095276,0.17420892417430878,-0.02552063576877117,0.6567800045013428,0.1793382316827774,-0.028642795979976654,0.6722584962844849,0.18529430031776428,-0.02994861640036106,0.591041624546051,0.19986367225646973,-0.02629924938082695,0.6373772621154785,0.19470065832138062,-0.03891631215810776,0.6627757549285889,0.19811220467090607,-0.039870984852313995,0.6812099814414978,0.202801913022995,-0.04011431336402893,0.58985435962677,0.22933204472064972,-0.036265064030885696,0.6335519552230835,0.22663137316703796,-0.04704984650015831,0.6572729349136353,0.2285984754562378,-0.04513583704829216,0.6742833852767944,0.22903400659561157,-0.04345628619194031,0.589501142501831,0.26367247104644775,-0.04548022150993347,0.6230710744857788,0.2661193907260895,-0.052687522023916245,0.6401216387748718,0.26482197642326355,-0.05089782923460007,0.6533149480819702,0.26221972703933716,-0.049339551478624344,1.2393796999999722
0.54759281873703,0.3095734715461731,0.0,0.5705066323280334,0.26691505312919617,0.008371257223188877,0.5932718515396118,0.23413051664829254,0.0035459345672279596,0.6141210794448853,0.21864858269691467,-0.0040966905653476715,0.6304944157600403,0.2132931351661682,-0.01158705074340105,0.5887671709060669,0.20070146024227142,-0.019176743924617767,0.6273871660232544,0.18405593931674957,-0.03318958356976509,0.64961838722229,0.18769994378089905,-0.03798479959368706,0.6660614609718323,0.19740918278694153,-0.04013722389936447,0.5833774209022522,0.21819719672203064,-0.032317791134119034,0.6245688796043396,0.2030836045742035,-0.04931844025850296,0.6492975950241089,0.20470988750457764,-0.05154463276267052,0.666790246963501,0.2107224464416504,-0.05194906145334244,0.5795052647590637,0.2462342381477356,-0.04395218938589096,0.6168476343154907,0.23485487699508667,-0.05912940576672554,0.6400254368782043,0.2352149933576584,-0.05788949877023697,0.6568611860275269,0.23788772523403168,-0.055725909769535065,0.5770388841629028,0.2794231176376343,-0.0546589158475399,0.603519082069397,0.2760371267795563,-0.0650085061788559,0.61888587474823,0.2720862030982971,-0.06402690708637238,0.6310709714889526,0.2696453332901001,-0.06246206909418106,1.2780725000000075
0.544977605342865,0.3283429741859436,0.0,0.584966778755188,0.3127947449684143,0.0030799321830272675,0.6099114418029785,0.27943888306617737,-0.004194309003651142,0.6304354071617126,0.2596450746059418,-0.013834182173013687,0.6487208008766174,0.24668067693710327,-0.023681504651904106,0.5864619016647339,0.2197411060333252,-0.023005735129117966,0.6245209574699402,0.20671656727790833,-0.03936193138360977,0.6400249004364014,0.22090137004852295,-0.046521928161382675,0.649043619632721,0.23431000113487244,-0.05094081535935402,0.5763610005378723,0.23227763175964355,-0.03562360629439354,0.6135534048080444,0.22168563306331635,-0.053607940673828125,0.6327352523803711,0.23032137751579285,-0.058848924934864044,0.6467756628990173,0.23834551870822906,-0.06280674040317535,0.5670320391654968,0.25678905844688416,-0.04751570150256157,0.598716676235199,0.2501271069049835,-0.0645914301276207,0.6177685856819153,0.2551526725292206,-0.06808371096849442,0.632642388343811,0.25898197293281555,-0.07045239955186844,0.5613102912902832,0.29249805212020874,-0.05885777622461319,0.58002769947052,0.2922592759132385,-0.07314864546060562,0.5898701548576355,0.2921759784221649,-0.07628561556339264,0.5977059602737427,0.2907436788082123,-0.07827631384134293,1.3117608999999675
0.5418945550918579,0.34920960664749146,0.0,0.5773949027061462,0.3477451205253601,-0.0035879130009561777,0.6034717559814453,0.3231443762779236,-0.009274662472307682,0.6241345405578613,0.302852988243103,-0.015885043889284134,0.6435998678207397,0.2914218008518219,-0.0214140135794878,0.586691677570343,0.24506530165672302,-0.01028600987046957,0.6171625256538391,0.2312401533126831,-0.018545465543866158,0.6313279271125793,0.24745099246501923,-0.0210429597645998,0.6368764638900757,0.2600814998149872,-0.022051967680454254,0.5739035606384277,0.24677757918834686,-0.015178361907601357,0.6068536639213562,0.23279929161071777,-0.02327006682753563,0.6207166314125061,0.25049299001693726,-0.022681593894958496,0.6249677538871765,0.2651059925556183,-0.0216906126588583,0.5627294182777405,0.26315465569496155,-0.0207282193005085,0.5915994644165039,0.2563399076461792,-0.029654864221811295,0.6051048040390015,0.2715749144554138,-0.026992369443178177,0.6099310517311096,0.2834148406982422,-0.024015938863158226,0.5545353293418884,0.28853657841682434,-0.027072476223111153,0.5763484239578247,0.28635740280151367,-0.03524615615606308,0.5868777632713318,0.2956383228302002,-0.03420769050717354,0.5920367240905762,0.30273768305778503,-0.03177517279982567,1.3512186000000384
0.4155624806880951,0.5345931053161621,0.0,0.42723071575164795,0.5669727921485901,-0.03838471695780754,0.4293779730796814,0.5968552827835083,-0.06764905154705048,0.4313336908817291,0.6110314130783081,-0.08757589012384415,0.438864141702652,0.6151443719863892,-0.10775294899940491,0.40722572803497314,0.5594885945320129,-0.09290696680545807,0.380201518535614,0.584323525428772,-0.1201111301779747,0.3597249388694763,0.5952438116073608,-0.13463419675827026,0.34070464968681335,0.6038533449172974,-0.14380615949630737,0.38870769739151,0.534878671169281,-0.08021103590726852,0.34963059425354004,0.581160843372345,-0.10838550329208374,0.3213345408439636,0.6095572113990784,-0.12050244957208633,0.2984106242656708,0.629514217376709,-0.12996011972427368,0.37430304288864136,0.5204120874404907,-0.0649324432015419,0.33779045939445496,0.5653752684593201,-0.08752154558897018,0.3161002993583679,0.5957404971122742,-0.09646915644407272,0.2973327934741974,0.6183814406394958,-0.10259535908699036,0.36324355006217957,0.5111518502235413,-0.0505836047232151,0.34026485681533813,0.5516576170921326,-0.06565563380718231,0.3299177885055542,0.5762446522712708,-0.0713624358177185,0.3190182149410248,0.5925635695457458,-0.07604385912418365,1.6329368000000386
0.3930325210094452,0.5362013578414917,0.0,0.40793970227241516,0.5656617879867554,-0.026723159477114677,0.4190942347049713,0.602654218673706,-0.0482948012650013,0.43493086099624634,0.6270042061805725,-0.06384027004241943,0.45337337255477905,0.6470029950141907,-0.07918694615364075,0.4029172956943512,0.5768750309944153,-0.06773620843887329,0.3770468533039093,0.5887470841407776,-0.08864022046327591,0.358184278011322,0.5983496904373169,-0.09842950850725174,0.3414197564125061,0.6071067452430725,-0.10349594801664352,0.38954898715019226,0.5580191612243652,-0.05855657905340195,0.3564220368862152,0.5763939619064331,-0.0778079405426979,0.33930832147598267,0.5888782739639282,-0.0818471685051918,0.3258795440196991,0.601537823677063,-0.08483321219682693,0.37763869762420654,0.5472060441970825,-0.04749705269932747,0.3494280278682709,0.5728424787521362,-0.06229787692427635,0.33559828996658325,0.5886051058769226,-0.063084177672863,0.3258550763130188,0.6025552153587341,-0.06315319985151291,0.3672794997692108,0.5474917888641357,-0.03737528622150421,0.34864264726638794,0.5703731775283813,-0.045641377568244934,0.3394634425640106,0.5855045318603516,-0.04658301919698715,0.33220311999320984,0.598576545715332,-0.04744451865553856,1.7824610999999777
0.3842755854129791,0.552707314491272,0.0,0.40031343698501587,0.5765831470489502,-0.023411953821778297,0.4173014163970947,0.6067777276039124,-0.04232267662882805,0.4370869994163513,0.6262913346290588,-0.05639975145459175,0.4594630300998688,0.6351042985916138,-0.07026003301143646,0.40182042121887207,0.5695783495903015,-0.06445425003767014,0.3805008828639984,0.5730308890342712,-0.08655281364917755,0.36420750617980957,0.5890535116195679,-0.09792176634073257,0.34702008962631226,0.6041038632392883,-0.10419025272130966,0.3856353163719177,0.5496657490730286,-0.05962517857551575,0.36068594455718994,0.5602315068244934,-0.08025950938463211,0.3488062918186188,0.5754926800727844,-0.08570818603038788,0.3337455987930298,0.5903237462043762,-0.09079024195671082,0.3734988868236542,0.5383841395378113,-0.05278538540005684,0.352763831615448,0.5583294034004211,-0.06970056146383286,0.3437994122505188,0.5778207182884216,-0.07122660428285599,0.3332601487636566,0.5930680632591248,-0.07258833944797516,0.3662284314632416,0.5366751551628113,-0.0466284304857254,0.35402557253837585,0.5591398477554321,-0.057078611105680466,0.3454056978225708,0.5722680687904358,-0.05835626646876335,0.3342078626155853,0.5814555287361145,-0.05992786958813667,1.8238605000000234
0.4189435839653015,0.5362532138824463,0.0,0.4370952844619751,0.5259199738502502,-0.049555785953998566,0.44016721844673157,0.5252241492271423,-0.08434317260980606,0.43724942207336426,0.5516262650489807,-0.10778732597827911,0.43891653418540955,0.5822052955627441,-0.13128404319286346,0.41481244564056396,0.5030348896980286,-0.1089760959148407,0.39927712082862854,0.5430647134780884,-0.1439555287361145,0.3861543834209442,0.568191647529602,-0.1632176786661148,0.3753591775894165,0.5941574573516846,-0.17469199001789093,0.3923985958099365,0.5219530463218689,-0.09268101304769516,0.368295818567276,0.5724689364433289,-0.12824442982673645,0.3512711226940155,0.6133821606636047,-0.14413310587406158,0.3405609130859375,0.6523728370666504,-0.15568073093891144,0.37607407569885254,0.5434907674789429,-0.07467315346002579,0.3535432517528534,0.5909003615379333,-0.10324347019195557,0.3396981358528137,0.6222144365310669,-0.11523646116256714,0.3282164931297302,0.6489574313163757,-0.12292667478322983,0.36450138688087463,0.5645688772201538,-0.05841872841119766,0.3479340076446533,0.6038616299629211,-0.07821688801050186,0.34074729681015015,0.628426194190979,-0.08724986761808395,0.33362001180648804,0.6465663909912109,-0.09394123405218124,1.9208986999999524
0.49746960401535034,0.4050924777984619,0.0,0.5233162045478821,0.3636934757232666,-0.002803197130560875,0.5548680424690247,0.35943329334259033,-0.012871626764535904,0.579169750213623,0.3874287009239197,-0.021668987348675728,0.5883776545524597,0.41352465748786926,-0.03050423040986061,0.5270641446113586,0.3462854325771332,-0.038701511919498444,0.5594967007637024,0.3750653564929962,-0.051280200481414795,0.5772169828414917,0.4002063572406769,-0.05519591644406319,0.5882350206375122,0.41711297631263733,-0.056797660887241364,0.5149164795875549,0.3873753547668457,-0.04342253878712654,0.5501786470413208,0.4282539188861847,-0.05769826099276543,0.5730346441268921,0.4446244537830353,-0.05873588100075722,0.5878250002861023,0.45217394828796387,-0.05967681109905243,0.5090798139572144,0.42805173993110657,-0.045262355357408524,0.5440942049026489,0.464428573846817,-0.05458006262779236,0.5678940415382385,0.47733575105667114,-0.05067959055304527,0.5833337903022766,0.4809648096561432,-0.04929659888148308,0.5082256197929382,0.4608103036880493,-0.04667530953884125,0.5393799543380737,0.4914392828941345,-0.052056800574064255,0.5589537620544434,0.49816378951072693,-0.048700518906116486,0.5711918473243713,0.4987137019634247,-0.04707819223403931,2.109784399999967
0.4953382611274719,0.3938666880130768,0.0,0.5148710608482361,0.34959328174591064,-0.0023107740562409163,0.5442383289337158,0.3394709825515747,-0.012183954007923603,0.5697863698005676,0.3561791181564331,-0.020779574289917946,0.5854853391647339,0.37280964851379395,-0.029367519542574883,0.5389893054962158,0.3272455632686615,-0.03817509114742279,0.573330819606781,0.3437517285346985,-0.05179207772016525,0.5941236615180969,0.3595726490020752,-0.056392963975667953,0.6097939014434814,0.3727654814720154,-0.0586538128554821,0.5316821932792664,0.35794883966445923,-0.043809887021780014,0.5735214948654175,0.3940768241882324,-0.05833510681986809,0.5976166725158691,0.4145691692829132,-0.059182725846767426,0.6142999529838562,0.4261760413646698,-0.06012432277202606,0.5263886451721191,0.39328572154045105,-0.04718805104494095,0.5665969848632812,0.4293908476829529,-0.0579402931034565,0.5891831517219543,0.44612765312194824,-0.05517737567424774,0.6045166850090027,0.45358410477638245,-0.05397894233465195,0.5219398736953735,0.42476946115493774,-0.050014857202768326,0.553595781326294,0.45201241970062256,-0.057242654263973236,0.570631206035614,0.46468666195869446,-0.0548330619931221,0.5829465389251709,0.4711945652961731,-0.05341493710875511,2.146922399999994
0.5023790001869202,0.3813381493091583,0.0,0.5210059881210327,0.33657097816467285,0.0008818439091555774,0.5475679636001587,0.3238332271575928,-0.005985967814922333,0.5694957375526428,0.32958802580833435,-0.012896467000246048,0.58385169506073,0.34125789999961853,-0.020033523440361023,0.551835834980011,0.3089427649974823,-0.023391729220747948,0.5815353989601135,0.32625484466552734,-0.03436081111431122,0.6013920903205872,0.33654430508613586,-0.03974676877260208,0.6175295114517212,0.3429165184497833,-0.04277230054140091,0.5491435527801514,0.33352190256118774,-0.029954008758068085,0.5851497054100037,0.3622363805770874,-0.0405416376888752,0.6091093420982361,0.37397271394729614,-0.04344531148672104,0.6279080510139465,0.37801772356033325,-0.04625947028398514,0.5466164946556091,0.3644620180130005,-0.0350574254989624,0.5843116044998169,0.39473235607147217,-0.04282468557357788,0.6058383584022522,0.4073227047920227,-0.043053895235061646,0.6220899224281311,0.41145867109298706,-0.044330719858407974,0.5430555939674377,0.39390498399734497,-0.03975285589694977,0.574347734451294,0.4186897575855255,-0.04558172821998596,0.5927971601486206,0.4311513602733612,-0.04504266753792763,0.6082383990287781,0.43726277351379395,-0.04521048814058304,2.1810177999999496
0.5103859305381775,0.36848801374435425,0.0,0.5292152762413025,0.3225443959236145,0.006554398685693741,0.5542099475860596,0.30924516916275024,0.003936732187867165,0.5750454664230347,0.3106347918510437,-0.0003258002398069948,0.5905677080154419,0.3169497847557068,-0.004657115787267685,0.5632867813110352,0.2923939526081085,-0.007021838333457708,0.5916200876235962,0.31244680285453796,-0.013389279134571552,0.6110693216323853,0.32174134254455566,-0.017099332064390182,0.6270302534103394,0.32634595036506653,-0.01920633390545845,0.563974142074585,0.312258780002594,-0.014972484670579433,0.5977630019187927,0.3385608196258545,-0.02155354432761669,0.6218684911727905,0.3507808744907379,-0.024490967392921448,0.6415647268295288,0.35767433047294617,-0.027122577652335167,0.564075231552124,0.34007441997528076,-0.021799037232995033,0.600551187992096,0.36658087372779846,-0.026721904054284096,0.6218649744987488,0.3777899444103241,-0.02797268144786358,0.6384887099266052,0.3821311593055725,-0.029729751870036125,0.5627357959747314,0.36848291754722595,-0.028000127524137497,0.5929692983627319,0.3897792398929596,-0.031253568828105927,0.6107293367385864,0.39882951974868774,-0.030915232375264168,0.6259744763374329,0.4032454192638397,-0.03126456215977669,2.2203944999999976
0.5535687208175659,0.2905450463294983,0.0,0.5638278126716614,0.24718454480171204,0.003299248404800892,0.5879181027412415,0.22524316608905792,-0.0007218127138912678,0.6110106706619263,0.22519534826278687,-0.0049993847496807575,0.6275389790534973,0.23423713445663452,-0.009475569240748882,0.592255175113678,0.20760002732276917,-0.016346408054232597,0.6238325238227844,0.21416327357292175,-0.023359257727861404,0.6416693329811096,0.21850591897964478,-0.024426478892564774,0.6529586911201477,0.22096234560012817,-0.024331800639629364,0.5943188071250916,0.23292572796344757,-0.022419681772589684,0.6338832378387451,0.24679382145404816,-0.028820326551795006,0.6542252898216248,0.2510332465171814,-0.027715256437659264,0.6672421097755432,0.2501813471317291,-0.027182554826140404,0.5958150029182434,0.26575082540512085,-0.027243932709097862,0.6363725066184998,0.2794117331504822,-0.03305582329630852,0.6572136878967285,0.2860523760318756,-0.03172515332698822,0.6716881394386292,0.2858031988143921,-0.03097851201891899,0.596069872379303,0.2996973693370819,-0.031389061361551285,0.6274599432945251,0.3115393817424774,-0.03673987463116646,0.645108163356781,0.31842467188835144,-0.03605151176452637,0.6592128276824951,0.3200021982192993,-0.03515360876917839,2.311550699999998
0.5584276914596558,0.2806902527809143,0.0,0.5675243139266968,0.23546946048736572,0.0005179665749892592,0.593138575553894,0.21230578422546387,-0.005901200696825981,0.6181000471115112,0.2119796723127365,-0.01173027977347374,0.635063886642456,0.218487948179245,-0.01785716786980629,0.5950359106063843,0.19375796616077423,-0.02541048638522625,0.6307991743087769,0.1987827718257904,-0.03502479940652847,0.6549422144889832,0.2020728588104248,-0.038660742342472076,0.6736294031143188,0.20577757060527802,-0.04057762399315834,0.5969372391700745,0.21874143183231354,-0.030736936256289482,0.6388328671455383,0.2270093858242035,-0.039954133331775665,0.6656871438026428,0.2309429943561554,-0.04129217565059662,0.6861129999160767,0.23314687609672546,-0.04287801682949066,0.5992470979690552,0.2514544129371643,-0.034316886216402054,0.6420959830284119,0.259743332862854,-0.04128214344382286,0.6649820804595947,0.2634917199611664,-0.040569011121988297,0.6809682250022888,0.2629227340221405,-0.04099038988351822,0.6010096669197083,0.28495365381240845,-0.03731134906411171,0.6355245113372803,0.29316282272338867,-0.042606811970472336,0.6543604731559753,0.2964358329772949,-0.04168534278869629,0.6688656806945801,0.2954775094985962,-0.04139295965433121,2.352047299999981
0.563641369342804,0.26711058616638184,0.0,0.572411835193634,0.22229443490505219,0.0011556355748325586,0.5927747488021851,0.1874486804008484,-0.004152319859713316,0.6102715134620667,0.1630088984966278,-0.009043578989803791,0.6203520894050598,0.1452721357345581,-0.01425991952419281,0.5993276238441467,0.17790141701698303,-0.022940976545214653,0.6339899897575378,0.17388132214546204,-0.030783636495471,0.6576064229011536,0.17295940220355988,-0.03352279216051102,0.6759033203125,0.17366832494735718,-0.0351562537252903,0.6028417348861694,0.2013549655675888,-0.028165895491838455,0.6432101726531982,0.19939614832401276,-0.0356324128806591,0.6698801517486572,0.20063012838363647,-0.03656834736466408,0.690127432346344,0.2027357965707779,-0.03813432529568672,0.6063212752342224,0.23278529942035675,-0.03157832846045494,0.6464802026748657,0.22815312445163727,-0.03708988055586815,0.6701927185058594,0.22923816740512848,-0.03679701313376427,0.6869812607765198,0.2283618003129959,-0.03788435086607933,0.608904242515564,0.2654276192188263,-0.03436390683054924,0.6405802965164185,0.2632734179496765,-0.039008237421512604,0.6587247252464294,0.2632378339767456,-0.03850650414824486,0.6731701493263245,0.26144593954086304,-0.03874660283327103,2.3859498000000485
0.5652430057525635,0.25713953375816345,0.0,0.5742521286010742,0.21294352412223816,0.0038059961516410112,0.5964664816856384,0.18327808380126953,-0.00023127366148401052,0.6194183826446533,0.1728278398513794,-0.00453254533931613,0.6347038149833679,0.17427223920822144,-0.009019217453897,0.5999293923377991,0.16597481071949005,-0.020588206127285957,0.638129472732544,0.16169670224189758,-0.028463121503591537,0.660870373249054,0.1640259176492691,-0.029788389801979065,0.676810085773468,0.1678312122821808,-0.03004012443125248,0.6034944653511047,0.19014351069927216,-0.027472829446196556,0.6478371024131775,0.18850572407245636,-0.034756820648908615,0.6726825833320618,0.19387665390968323,-0.03338050842285156,0.6893937587738037,0.19888652861118317,-0.0328538753092289,0.6071590781211853,0.22197942435741425,-0.03267976641654968,0.649263858795166,0.21853259205818176,-0.038279615342617035,0.6719393730163574,0.22258871793746948,-0.03584054484963417,0.6866368055343628,0.2241898626089096,-0.034942444413900375,0.6098966002464294,0.2552453577518463,-0.03722663223743439,0.6424217820167542,0.2526187002658844,-0.04213043674826622,0.6602672338485718,0.25211960077285767,-0.04080308973789215,0.6733587384223938,0.2496921867132187,-0.03991619125008583,2.423593299999993
0.5659363865852356,0.25105494260787964,0.0,0.5736688375473022,0.20613619685173035,0.004752654582262039,0.5955362319946289,0.17542366683483124,0.0015106387436389923,0.6188881993293762,0.16577941179275513,-0.002239968627691269,0.6348433494567871,0.17038866877555847,-0.006123471539467573,0.6005389094352722,0.1563698649406433,-0.01865202933549881,0.6393306255340576,0.15044184029102325,-0.026024961844086647,0.6613175272941589,0.1533997356891632,-0.026467202231287956,0.6761214733123779,0.15876269340515137,-0.025975240394473076,0.6050063371658325,0.1801227331161499,-0.02587333507835865,0.6491210460662842,0.1765408217906952,-0.032518040388822556,0.6727147102355957,0.1817907840013504,-0.03008517622947693,0.6882411241531372,0.18758851289749146,-0.028681334108114243,0.6091271638870239,0.21187634766101837,-0.031552206724882126,0.6508593559265137,0.20758919417858124,-0.036945704370737076,0.6724730730056763,0.21117091178894043,-0.03409305959939957,0.6863775253295898,0.21313519775867462,-0.03273151442408562,0.6120890378952026,0.24639436602592468,-0.036545656621456146,0.6437718272209167,0.24287466704845428,-0.04161730036139488,0.6613917946815491,0.24190428853034973,-0.040319472551345825,0.6743190884590149,0.23963694274425507,-0.03921397030353546,2.4561478000000534
0.5648332238197327,0.25100862979888916,0.0,0.5728458762168884,0.20342892408370972,0.00746648944914341,0.5938979983329773,0.1716059446334839,0.005921884439885616,0.6167166829109192,0.1608736515045166,0.0032999401446431875,0.6329619884490967,0.16367051005363464,0.000491936516482383,0.6003770232200623,0.15324299037456512,-0.014726240187883377,0.6399661302566528,0.1477571278810501,-0.020688608288764954,0.6606371998786926,0.15290340781211853,-0.02028930000960827,0.6738971471786499,0.1595064103603363,-0.01937514916062355,0.6054114699363708,0.17691698670387268,-0.02311244234442711,0.6487780213356018,0.1718609780073166,-0.028370989486575127,0.6717744469642639,0.17450329661369324,-0.02572387456893921,0.6875598430633545,0.17812857031822205,-0.024500306695699692,0.6096774935722351,0.208351269364357,-0.029796404764056206,0.6511597633361816,0.2016051858663559,-0.0337919220328331,0.6721604466438293,0.20189544558525085,-0.030839785933494568,0.6862308979034424,0.2010727822780609,-0.02994830533862114,0.6125177145004272,0.24231313169002533,-0.035625576972961426,0.6445080637931824,0.23716603219509125,-0.039706505835056305,0.6616318821907043,0.23460052907466888,-0.03822007402777672,0.674444317817688,0.23071473836898804,-0.03736463934183121,2.496892099999968
0.5645956993103027,0.2512943148612976,0.0,0.5724613070487976,0.2022060602903366,0.007872011512517929,0.5931731462478638,0.17047694325447083,0.006411646492779255,0.6166936755180359,0.15969625115394592,0.003977361135184765,0.6330757141113281,0.16314834356307983,0.001409785938449204,0.6010244488716125,0.15069805085659027,-0.015650397166609764,0.6417047381401062,0.14518235623836517,-0.021419547498226166,0.6630458235740662,0.15025481581687927,-0.020549099892377853,0.676742434501648,0.1573646515607834,-0.0192349161952734,0.605779230594635,0.17414535582065582,-0.023839818313717842,0.6501131057739258,0.16879622638225555,-0.029193256050348282,0.6727851033210754,0.17248639464378357,-0.025881437584757805,0.6878711581230164,0.17727996408939362,-0.02396409399807453,0.6099400520324707,0.2054578810930252,-0.030160309746861458,0.6515257954597473,0.1988614946603775,-0.034194692969322205,0.6724132895469666,0.20003639161586761,-0.03065558522939682,0.6860000491142273,0.2002459019422531,-0.029127798974514008,0.6127725839614868,0.2397722601890564,-0.03552333265542984,0.644686222076416,0.2344321459531784,-0.03945910185575485,0.661555826663971,0.23208090662956238,-0.037550315260887146,0.6738994121551514,0.22863644361495972,-0.036193493753671646,2.5316305999999713
0.5630779266357422,0.2532171607017517,0.0,0.5720469951629639,0.2030385583639145,0.01007973775267601,0.593084454536438,0.17157848179340363,0.009775086306035519,0.6165778636932373,0.160348042845726,0.008047163486480713,0.6332236528396606,0.16217553615570068,0.006227801088243723,0.6020573377609253,0.15231458842754364,-0.012600414454936981,0.6423491835594177,0.14575713872909546,-0.01749204285442829,0.6638508439064026,0.15090151131153107,-0.016166511923074722,0.6779239773750305,0.15810519456863403,-0.014608158729970455,0.6068745851516724,0.17573101818561554,-0.021621691063046455,0.6512008309364319,0.16940900683403015,-0.02649296633899212,0.6739704012870789,0.17274866998195648,-0.02310793660581112,0.6893115639686584,0.17772795259952545,-0.021076660603284836,0.6108288764953613,0.20700855553150177,-0.028635298833251,0.652805745601654,0.19974789023399353,-0.03218163177371025,0.6736747026443481,0.2003697007894516,-0.028542734682559967,0.6874032020568848,0.20035964250564575,-0.026942113414406776,0.6132746338844299,0.24086497724056244,-0.03451644256711006,0.6454606056213379,0.23585699498653412,-0.03779931366443634,0.66225266456604,0.23314696550369263,-0.035696256905794144,0.6746430397033691,0.2292226403951645,-0.03426921367645264,2.577673699999991
0.5644010901451111,0.25701814889907837,0.0,0.5738179683685303,0.20506763458251953,0.009066746570169926,0.5936459898948669,0.1725037544965744,0.008095066994428635,0.6163143515586853,0.16028060019016266,0.005700201261788607,0.6332581639289856,0.16084091365337372,0.0033322942908853292,0.6033180952072144,0.15395107865333557,-0.012848535552620888,0.6438741087913513,0.14651884138584137,-0.018316300585865974,0.6651455163955688,0.15132027864456177,-0.017506003379821777,0.6788573265075684,0.15818050503730774,-0.016245055943727493,0.6079822182655334,0.1777033805847168,-0.021855304017663002,0.6525445580482483,0.1723102629184723,-0.027162780985236168,0.6755040287971497,0.17597009241580963,-0.024169983342289925,0.6905598640441895,0.18114498257637024,-0.02240987867116928,0.6119885444641113,0.208907812833786,-0.029022453352808952,0.653763473033905,0.203275665640831,-0.03268652409315109,0.6747953295707703,0.20500808954238892,-0.028981657698750496,0.6884032487869263,0.20569682121276855,-0.027410633862018585,0.6145355701446533,0.24254253506660461,-0.035286687314510345,0.6466754674911499,0.237909197807312,-0.03856412321329117,0.6633715629577637,0.2358444184064865,-0.036384060978889465,0.6754188537597656,0.23241586983203888,-0.034986164420843124,2.6109323000000586
0.5628284811973572,0.26002711057662964,0.0,0.5727470517158508,0.20880647003650665,0.010051065124571323,0.5928617715835571,0.17642217874526978,0.009635207243263721,0.6160270571708679,0.16422811150550842,0.007668921258300543,0.633519172668457,0.16451939940452576,0.0057462481781840324,0.6031879186630249,0.15658564865589142,-0.012139879167079926,0.6439177393913269,0.15011334419250488,-0.01710427552461624,0.6644302606582642,0.1552155613899231,-0.01563667692244053,0.6770215034484863,0.16125048696994781,-0.013931797817349434,0.6075491905212402,0.17980946600437164,-0.021446166560053825,0.6531691551208496,0.17430336773395538,-0.026837468147277832,0.676575779914856,0.17802584171295166,-0.02357509359717369,0.6920144557952881,0.1828986555337906,-0.02146795578300953,0.6114328503608704,0.21094799041748047,-0.02877388708293438,0.6545557975769043,0.2057580202817917,-0.03259115666151047,0.6760147213935852,0.20737983286380768,-0.02860134094953537,0.6899063587188721,0.20785339176654816,-0.026640914380550385,0.6140748262405396,0.24494385719299316,-0.0350671224296093,0.6473464965820312,0.2408316433429718,-0.03821839019656181,0.6641497611999512,0.23848801851272583,-0.035761717706918716,0.6761921048164368,0.234798401594162,-0.03405779227614403,2.6484080999999833
0.5614113211631775,0.26485002040863037,0.0,0.5726464986801147,0.21276995539665222,0.011781295761466026,0.5931334495544434,0.18197545409202576,0.011985160410404205,0.6167643666267395,0.17264637351036072,0.010303642600774765,0.6344872713088989,0.17599844932556152,0.008636664599180222,0.6017947196960449,0.1571921408176422,-0.010869274847209454,0.6425691246986389,0.15712864696979523,-0.01563555747270584,0.6619665026664734,0.1682935655117035,-0.01406451128423214,0.6737005710601807,0.17782624065876007,-0.012349280528724194,0.6061148047447205,0.17948006093502045,-0.021410832181572914,0.6525352597236633,0.17742058634757996,-0.026537833735346794,0.6761358976364136,0.18365587294101715,-0.023277053609490395,0.6919732093811035,0.19004514813423157,-0.02147616632282734,0.6098332405090332,0.21078939735889435,-0.029847674071788788,0.654255747795105,0.20851761102676392,-0.033070266246795654,0.6763527393341064,0.21304994821548462,-0.028795292600989342,0.691132128238678,0.21559850871562958,-0.027061685919761658,0.6123246550559998,0.24648630619049072,-0.03713754564523697,0.6474179625511169,0.243992879986763,-0.03981403261423111,0.6650194525718689,0.24345064163208008,-0.03695576637983322,0.6781865358352661,0.24135619401931763,-0.0352327860891819,2.6842398000000003
0.5580319762229919,0.2708483934402466,0.0,0.5691168904304504,0.22162897884845734,0.009761692956089973,0.5905250310897827,0.18840259313583374,0.008035939186811447,0.6143659949302673,0.17535224556922913,0.004550231155008078,0.6314857602119446,0.17683956027030945,0.001146394177339971,0.5990318655967712,0.16393622756004333,-0.014197137206792831,0.6426708698272705,0.16250307857990265,-0.02127472497522831,0.6661759614944458,0.17179405689239502,-0.02186165563762188,0.6815105080604553,0.18083646893501282,-0.02166713960468769,0.600913405418396,0.18564145267009735,-0.02453390136361122,0.65098637342453,0.18764352798461914,-0.03238379955291748,0.6768757104873657,0.19628401100635529,-0.03079412318766117,0.6940751075744629,0.20407727360725403,-0.02993755415081978,0.6036278009414673,0.21744157373905182,-0.032810028642416,0.6510046720504761,0.21864710748195648,-0.0380549319088459,0.6760140657424927,0.22596131265163422,-0.03445817530155182,0.6926406621932983,0.2298390120267868,-0.032959435135126114,0.6065266728401184,0.2538420557975769,-0.040115490555763245,0.6435413360595703,0.2549282908439636,-0.04382923245429993,0.6628148555755615,0.25582119822502136,-0.04125180095434189,0.6772515773773193,0.25416818261146545,-0.03970851004123688,2.7305999000000156
0.5557934045791626,0.27559348940849304,0.0,0.5685051083564758,0.2301785796880722,0.0075370012782514095,0.5896838307380676,0.1927623450756073,0.004217340610921383,0.6099827885627747,0.17233222723007202,-0.0008638939470984042,0.6245262622833252,0.16252228617668152,-0.005615140311419964,0.5980349183082581,0.1678946614265442,-0.015582756139338017,0.6412884593009949,0.16371119022369385,-0.024970585480332375,0.6643675565719604,0.17493802309036255,-0.02741786651313305,0.6789650321006775,0.18501901626586914,-0.02847467176616192,0.5984077453613281,0.1889301836490631,-0.026108097285032272,0.648563802242279,0.18908919394016266,-0.036457378417253494,0.6749842166900635,0.1980130523443222,-0.03674955666065216,0.6923606395721436,0.2057746946811676,-0.03717215731739998,0.5995597243309021,0.2201148122549057,-0.03492763638496399,0.6472306251525879,0.2213490754365921,-0.0429290272295475,0.6725752353668213,0.22834278643131256,-0.04086722433567047,0.6898983716964722,0.23119281232357025,-0.040111102163791656,0.6012728214263916,0.25605908036231995,-0.04298289120197296,0.6382490396499634,0.25921133160591125,-0.04880070686340332,0.6572865843772888,0.26088574528694153,-0.047204725444316864,0.6717668771743774,0.2595086693763733,-0.0463174544274807,2.7762609999999768
0.5528305768966675,0.28729867935180664,0.0,0.5670562386512756,0.2395184487104416,0.006448525935411453,0.5900917053222656,0.2041921615600586,0.0024787054862827063,0.61280357837677,0.1885174661874771,-0.0031690290197730064,0.630580484867096,0.1839568316936493,-0.008330966345965862,0.5952297449111938,0.1739979386329651,-0.01690921001136303,0.6392025351524353,0.17253805696964264,-0.027223967015743256,0.6617674827575684,0.18497779965400696,-0.029759394004940987,0.676676332950592,0.19655543565750122,-0.03057878650724888,0.5937710404396057,0.19477327167987823,-0.027309313416481018,0.6433101296424866,0.1954820454120636,-0.0385940857231617,0.668714165687561,0.20555523037910461,-0.03836574777960777,0.6862094402313232,0.21516263484954834,-0.03808223828673363,0.5935536026954651,0.2261495441198349,-0.03623168170452118,0.6400729417800903,0.22796796262264252,-0.045397527515888214,0.6645269989967346,0.2359953224658966,-0.04273996129631996,0.6816310882568359,0.2404055893421173,-0.04105866700410843,0.5941077470779419,0.2623843252658844,-0.044557832181453705,0.6297557950019836,0.26572346687316895,-0.0513051338493824,0.6486015915870667,0.26680439710617065,-0.049527041614055634,0.66317218542099,0.2657458186149597,-0.04806021228432655,2.8154313
0.547122597694397,0.299565851688385,0.0,0.5658295154571533,0.2525620460510254,0.00853976421058178,0.5894007086753845,0.2206583172082901,0.004775087349116802,0.611761212348938,0.20785696804523468,-0.001296438742429018,0.6293904781341553,0.2070126086473465,-0.007004517130553722,0.5914471745491028,0.1905430406332016,-0.018004829064011574,0.6328691840171814,0.18372057378292084,-0.029495058581233025,0.6546714305877686,0.19378046691417694,-0.031639691442251205,0.6701502799987793,0.20392867922782898,-0.031960222870111465,0.58769690990448,0.20971673727035522,-0.029961129650473595,0.6328819394111633,0.20489417016506195,-0.04394294321537018,0.6573859453201294,0.2150140255689621,-0.04293195158243179,0.6747126579284668,0.22424139082431793,-0.0412822850048542,0.5852217078208923,0.23964953422546387,-0.04029405862092972,0.6268219351768494,0.23758110404014587,-0.053062357008457184,0.650615930557251,0.24477258324623108,-0.04956144466996193,0.668166995048523,0.2492610514163971,-0.04598035663366318,0.5837639570236206,0.2729182839393616,-0.04966569319367409,0.6148024201393127,0.27584362030029297,-0.05858439952135086,0.6322998404502869,0.27681031823158264,-0.056347716599702835,0.646966278553009,0.2763274610042572,-0.05372209846973419,2.8615293000000293
0.5440393090248108,0.3197239339351654,0.0,0.5768132209777832,0.29739993810653687,0.00677011301741004,0.604915976524353,0.27041876316070557,0.0020591337233781815,0.627998948097229,0.260296106338501,-0.005505739711225033,0.6454699635505676,0.2564085125923157,-0.012060921639204025,0.5890690684318542,0.22829274833202362,-0.021005326882004738,0.6360493302345276,0.21790705621242523,-0.0320403128862381,0.6363633275032043,0.2463809996843338,-0.03094661794602871,0.6257491707801819,0.2596033215522766,-0.028778186067938805,0.579763650894165,0.24287149310112,-0.03267410770058632,0.6289901733398438,0.23763784766197205,-0.04526573792099953,0.628905177116394,0.2639297544956207,-0.0385778583586216,0.6180628538131714,0.2766588032245636,-0.03224687650799751,0.5705903768539429,0.2664617896080017,-0.04309134557843208,0.6141616702079773,0.26519301533699036,-0.054177794605493546,0.6162030100822449,0.2832334637641907,-0.044063448905944824,0.6081603169441223,0.292489230632782,-0.035886250436306,0.5641459822654724,0.2953285872936249,-0.05307898670434952,0.5933235883712769,0.29766419529914856,-0.061469607055187225,0.5970873236656189,0.3050950765609741,-0.05599072575569153,0.5931757688522339,0.30992722511291504,-0.05019967630505562,2.907961300000011
0.38628828525543213,0.5938241481781006,0.0,0.40705668926239014,0.6235242486000061,-0.030834916979074478,0.4193785786628723,0.6587983965873718,-0.058628521859645844,0.4341731071472168,0.690574049949646,-0.07915212213993073,0.44865313172340393,0.7100641131401062,-0.09991491585969925,0.3964622914791107,0.6450042724609375,-0.08628687262535095,0.37833431363105774,0.67179274559021,-0.11510063707828522,0.3616600036621094,0.6898097395896912,-0.13304314017295837,0.3448105752468109,0.704786479473114,-0.1454792469739914,0.3722246289253235,0.6351099610328674,-0.07758838683366776,0.344051718711853,0.6603142619132996,-0.11375252157449722,0.3177121579647064,0.6900094151496887,-0.13427256047725677,0.2948240637779236,0.7146068811416626,-0.149263396859169,0.35569244623184204,0.6286837458610535,-0.0651545599102974,0.3284720778465271,0.6588040590286255,-0.0922962874174118,0.30954688787460327,0.6890991926193237,-0.10682176053524017,0.2942177355289459,0.7117716073989868,-0.11646868288516998,0.3446281850337982,0.626828670501709,-0.05296221375465393,0.3277647793292999,0.6563988327980042,-0.0705425962805748,0.31554627418518066,0.6795593500137329,-0.08060098439455032,0.3051029443740845,0.6950254440307617,-0.08868514746427536,3.2533753999999817
0.386080801486969,0.5815764665603638,0.0,0.4065888822078705,0.6119363903999329,-0.03666158393025398,0.4217180013656616,0.6579003930091858,-0.06744397431612015,0.4420851767063141,0.6967507004737854,-0.08973594754934311,0.4615124762058258,0.7208802700042725,-0.11192069947719574,0.40285351872444153,0.6391594409942627,-0.10049565881490707,0.38076746463775635,0.6646549701690674,-0.13270391523838043,0.36251264810562134,0.6884083151817322,-0.15026721358299255,0.3418792188167572,0.704602062702179,-0.16198384761810303,0.3762165606021881,0.631040632724762,-0.09098657965660095,0.3414221704006195,0.6562783122062683,-0.1324015110731125,0.31830519437789917,0.6881198883056641,-0.15185268223285675,0.29464423656463623,0.7113416194915771,-0.1653733104467392,0.3568764328956604,0.6250662207603455,-0.07755933701992035,0.3249724209308624,0.6569006443023682,-0.11027926206588745,0.30510252714157104,0.6890472769737244,-0.12368781119585037,0.28510206937789917,0.7125728726387024,-0.13161861896514893,0.3443135619163513,0.6249502897262573,-0.0644129142165184,0.32253631949424744,0.6592710614204407,-0.08561679720878601,0.30780062079429626,0.6826848387718201,-0.0955205038189888,0.2916012406349182,0.6971656084060669,-0.10306404531002045,3.2953747999999905
0.3825501799583435,0.580651581287384,0.0,0.40384721755981445,0.6186224818229675,-0.02768193930387497,0.42293378710746765,0.675851583480835,-0.05193176493048668,0.44671630859375,0.7149325013160706,-0.07017269730567932,0.47511374950408936,0.7275393009185791,-0.08810865134000778,0.39906570315361023,0.6453491449356079,-0.08259982615709305,0.37722334265708923,0.6714833974838257,-0.10914374142885208,0.360677570104599,0.6889926195144653,-0.12114599347114563,0.34043025970458984,0.7073479294776917,-0.1290617734193802,0.3726547062397003,0.6291464567184448,-0.07905630022287369,0.33731839060783386,0.6661247611045837,-0.11423938721418381,0.31440746784210205,0.6973056793212891,-0.12873396277427673,0.2882227599620819,0.7235071659088135,-0.13952888548374176,0.35338741540908813,0.6179498434066772,-0.07202942669391632,0.32237014174461365,0.6624119877815247,-0.10065148025751114,0.300374299287796,0.6946241855621338,-0.11033926159143448,0.27691900730133057,0.7215316295623779,-0.11629952490329742,0.3402709364891052,0.613227367401123,-0.06499680131673813,0.3185454308986664,0.6619387269020081,-0.08278396725654602,0.30159619450569153,0.6882340312004089,-0.09020441025495529,0.2821243405342102,0.7070024609565735,-0.09646229445934296,3.3354559000000563
0.37948375940322876,0.5827837586402893,0.0,0.40245321393013,0.6201390624046326,-0.029567549005150795,0.42261189222335815,0.6778997778892517,-0.05408238619565964,0.4466592073440552,0.716421365737915,-0.07298103719949722,0.4760134220123291,0.7309035062789917,-0.09173574298620224,0.39535582065582275,0.648194432258606,-0.08057917654514313,0.37590694427490234,0.6754056811332703,-0.10765403509140015,0.35861459374427795,0.6920000910758972,-0.12045196443796158,0.3377859592437744,0.7101157903671265,-0.12869854271411896,0.3669813871383667,0.6325116753578186,-0.07674244046211243,0.33242446184158325,0.6712892055511475,-0.11027524620294571,0.3088713586330414,0.7016834020614624,-0.12475096434354782,0.2814466059207916,0.7275919914245605,-0.1359790414571762,0.34652137756347656,0.6215322017669678,-0.07006116211414337,0.3168671727180481,0.6678939461708069,-0.09772306680679321,0.29397886991500854,0.6991235613822937,-0.10783727467060089,0.2689557671546936,0.7256821393966675,-0.11449524015188217,0.33344176411628723,0.6166360974311829,-0.06379936635494232,0.3132929801940918,0.6656403541564941,-0.08135639131069183,0.29517725110054016,0.6921325922012329,-0.0890427976846695,0.27351194620132446,0.7111185193061829,-0.095613993704319,3.382782499999962
0.38202965259552,0.577955424785614,0.0,0.40729230642318726,0.6150203943252563,-0.029009411111474037,0.42734766006469727,0.6728860139846802,-0.054147664457559586,0.4478532373905182,0.7088913321495056,-0.07367227971553802,0.4763635993003845,0.7190312147140503,-0.09294004738330841,0.3961377441883087,0.6383052468299866,-0.08102793991565704,0.3761431574821472,0.6695153117179871,-0.10795792937278748,0.3600022494792938,0.6877430081367493,-0.11986982077360153,0.3415791392326355,0.706202507019043,-0.1273544281721115,0.36703622341156006,0.6246590614318848,-0.07702988386154175,0.33192428946495056,0.6688961386680603,-0.10908325016498566,0.30866578221321106,0.6998168230056763,-0.12181125581264496,0.28315261006355286,0.7249402403831482,-0.13197246193885803,0.3462875187397003,0.6193439960479736,-0.0700911357998848,0.3164016008377075,0.6723731160163879,-0.09566795080900192,0.2942744791507721,0.7063323259353638,-0.10410300642251968,0.27096065878868103,0.7348633408546448,-0.1101003885269165,0.33319979906082153,0.6227820515632629,-0.0636628195643425,0.31287747621536255,0.6776316165924072,-0.07966531068086624,0.29735898971557617,0.7066600322723389,-0.08633217960596085,0.27864357829093933,0.728510856628418,-0.09242960065603256,3.421786900000029
0.3922971189022064,0.5564579367637634,0.0,0.4179460108280182,0.5929232835769653,-0.017735006287693977,0.439033567905426,0.6387708783149719,-0.03911343216896057,0.46263739466667175,0.6627649068832397,-0.0569397509098053,0.4916556179523468,0.671138346195221,-0.07459214329719543,0.4124200940132141,0.6045275926589966,-0.06741783767938614,0.3918696641921997,0.6369379162788391,-0.09118679165840149,0.3790532350540161,0.6563349962234497,-0.10002902895212173,0.3681797385215759,0.6740314364433289,-0.10410857945680618,0.38543206453323364,0.5946414470672607,-0.06597263365983963,0.3483678698539734,0.6512964963912964,-0.08844903111457825,0.33094990253448486,0.6836333870887756,-0.09242776036262512,0.3165626525878906,0.7130405306816101,-0.09598083049058914,0.36371779441833496,0.5954217314720154,-0.0615011602640152,0.3301370143890381,0.6589400768280029,-0.07791019231081009,0.31259655952453613,0.6944887042045593,-0.07637946307659149,0.2968757748603821,0.7226364016532898,-0.07572823762893677,0.3467313051223755,0.6063040494918823,-0.05729380249977112,0.3223976492881775,0.6629559993743896,-0.06523086130619049,0.30954116582870483,0.6934004426002502,-0.06404988467693329,0.2973254323005676,0.7165847420692444,-0.06418352574110031,3.46464119999996
0.3905719518661499,0.5843527913093567,0.0,0.41670462489128113,0.6044510006904602,-0.012493743561208248,0.4454723298549652,0.6242427229881287,-0.031672149896621704,0.47311288118362427,0.6360732316970825,-0.04827312380075455,0.503376305103302,0.6394929885864258,-0.06492628157138824,0.42637619376182556,0.5741117596626282,-0.06485482305288315,0.4082334637641907,0.5996825695037842,-0.08530320227146149,0.39546656608581543,0.6256257891654968,-0.09181623160839081,0.38617369532585144,0.6453965902328491,-0.09431174397468567,0.3997064232826233,0.562842071056366,-0.06626906991004944,0.36462241411209106,0.6287307739257812,-0.08353964239358902,0.3474114239215851,0.6662752032279968,-0.08374354988336563,0.3341834545135498,0.6960180401802063,-0.08578193932771683,0.37641867995262146,0.5694198608398438,-0.06342250108718872,0.3466275930404663,0.6399285197257996,-0.07455801963806152,0.330824077129364,0.6780405044555664,-0.06854215264320374,0.31837403774261475,0.704601526260376,-0.06626954674720764,0.3570970892906189,0.5866360664367676,-0.06049822270870209,0.338015615940094,0.6472073793411255,-0.06433483958244324,0.32769477367401123,0.6776393055915833,-0.05963880941271782,0.3182613253593445,0.6967343688011169,-0.05813641473650932,3.4993868999999904
0.37637922167778015,0.6212193965911865,0.0,0.39564213156700134,0.6282450556755066,-0.02067912369966507,0.4193710386753082,0.6345301270484924,-0.04435945674777031,0.4348744750022888,0.6358789205551147,-0.06392400711774826,0.4480580985546112,0.6283519864082336,-0.0836392194032669,0.43405675888061523,0.5934249758720398,-0.07171262055635452,0.46126890182495117,0.6013376712799072,-0.10624654591083527,0.4896604120731354,0.5973271727561951,-0.12738457322120667,0.5090646743774414,0.6005830764770508,-0.1395161896944046,0.4199157953262329,0.5733781456947327,-0.06988168507814407,0.4068829417228699,0.5936588644981384,-0.10554122179746628,0.38483673334121704,0.6210280656814575,-0.11031195521354675,0.3654648959636688,0.6485151648521423,-0.11015293002128601,0.40107467770576477,0.5711023807525635,-0.06715688109397888,0.37987619638442993,0.6066761016845703,-0.09910344332456589,0.36071503162384033,0.6348245143890381,-0.09733638167381287,0.34657567739486694,0.6602916717529297,-0.09184003621339798,0.38332414627075195,0.5758752226829529,-0.06542159616947174,0.3642486333847046,0.610946774482727,-0.08632516115903854,0.3509529232978821,0.6391563415527344,-0.08714663237333298,0.34278857707977295,0.6612334847450256,-0.08512748032808304,3.5432899999999563
0.4978383779525757,0.4216517210006714,0.0,0.5216922760009766,0.37650203704833984,-0.0011269724927842617,0.5567575693130493,0.36224672198295593,-0.012712487950921059,0.5831388831138611,0.38677021861076355,-0.023473698645830154,0.5956124067306519,0.4088168144226074,-0.03379766270518303,0.519183874130249,0.3791099786758423,-0.041558485478162766,0.5670055747032166,0.41537487506866455,-0.05181078985333443,0.5753167867660522,0.41539376974105835,-0.04998910799622536,0.5720173716545105,0.41538169980049133,-0.04680904746055603,0.5045963525772095,0.4220559298992157,-0.046531081199645996,0.5618246793746948,0.4603997468948364,-0.05645957216620445,0.5663591623306274,0.4436979293823242,-0.04892950505018234,0.5605216026306152,0.42638424038887024,-0.042654916644096375,0.5013219118118286,0.46203097701072693,-0.04826506972312927,0.5548303127288818,0.49216336011886597,-0.04995659366250038,0.5582625269889832,0.478455126285553,-0.03462650626897812,0.5489911437034607,0.46255022287368774,-0.02585616707801819,0.5052173733711243,0.49564552307128906,-0.04997524246573448,0.5479678511619568,0.512270987033844,-0.04749229550361633,0.5513229966163635,0.4986419379711151,-0.03576071560382843,0.5401636958122253,0.486025869846344,-0.028130417689681053,3.7441582000000153
0.5021830201148987,0.4123010039329529,0.0,0.528491735458374,0.42310404777526855,0.001506959437392652,0.5544382333755493,0.42655399441719055,-0.0029941461980342865,0.5750170946121216,0.43186822533607483,-0.008131026290357113,0.5905819535255432,0.43517017364501953,-0.013492781668901443,0.5524910092353821,0.3907546103000641,-0.015773171558976173,0.5821670293807983,0.3958725929260254,-0.02458912320435047,0.6033967137336731,0.4051477015018463,-0.029007526114583015,0.6196685433387756,0.41275572776794434,-0.03147747740149498,0.548590362071991,0.39010488986968994,-0.021168319508433342,0.5811574459075928,0.3991795778274536,-0.03080790862441063,0.6052508354187012,0.4096490740776062,-0.03319457545876503,0.6234741806983948,0.4183175265789032,-0.0347445122897625,0.5448302030563354,0.39554306864738464,-0.025545522570610046,0.5759596824645996,0.4112880229949951,-0.03376704081892967,0.5990301966667175,0.4202592968940735,-0.034556351602077484,0.6158578991889954,0.4271300435066223,-0.03527447208762169,0.540601372718811,0.40603768825531006,-0.029576260596513748,0.5624081492424011,0.4268801808357239,-0.03531286120414734,0.5776466727256775,0.4369700253009796,-0.03543977811932564,0.5899156928062439,0.4443506598472595,-0.0356997512280941,3.784887900000058
0.5482964515686035,0.29720401763916016,0.0,0.563173770904541,0.2562924325466156,0.0010083242086693645,0.5904379487037659,0.238103985786438,-0.0051305945962667465,0.6156975626945496,0.24175584316253662,-0.010757778771221638,0.6327494382858276,0.2534095346927643,-0.0164534542709589,0.5915629267692566,0.21815624833106995,-0.02673758752644062,0.6295738220214844,0.23282396793365479,-0.036751169711351395,0.6522487998008728,0.2464403510093689,-0.039446569979190826,0.6689270734786987,0.2567968964576721,-0.040669072419404984,0.5886253118515015,0.24550433456897736,-0.03288901597261429,0.63258957862854,0.26488736271858215,-0.04371047019958496,0.6584292054176331,0.27868345379829407,-0.04434703290462494,0.6770912408828735,0.28770503401756287,-0.04502608999609947,0.5861018300056458,0.2808457314968109,-0.037175312638282776,0.6281840801239014,0.3002372086048126,-0.046279627829790115,0.652888298034668,0.31473293900489807,-0.04565473645925522,0.6714600324630737,0.32233110070228577,-0.04541810601949692,0.5835959315299988,0.3171355724334717,-0.04067452996969223,0.6151172518730164,0.33381542563438416,-0.04790107533335686,0.6338346004486084,0.3440644443035126,-0.04767749831080437,0.6495335698127747,0.3492946922779083,-0.04738844558596611,3.896476499999949
0.5543651580810547,0.28220537304878235,0.0,0.5688979029655457,0.23688474297523499,0.0035989321768283844,0.5950279235839844,0.21699537336826324,-0.0016051508719101548,0.619583010673523,0.21612226963043213,-0.007345899008214474,0.6376382112503052,0.22198641300201416,-0.01351554598659277,0.6000192165374756,0.19629667699337006,-0.019414816051721573,0.6342353224754333,0.20381346344947815,-0.02859194204211235,0.6578515768051147,0.20712751150131226,-0.03291982784867287,0.6769263744354248,0.21037548780441284,-0.035593181848526,0.6020554900169373,0.21907861530780792,-0.026920290663838387,0.6420254707336426,0.2293068766593933,-0.036207061260938644,0.6694144010543823,0.2362431436777115,-0.0389360636472702,0.6914070248603821,0.2422075718641281,-0.04153544828295708,0.6030305027961731,0.2511157691478729,-0.0327669121325016,0.6435747742652893,0.2592214345932007,-0.04022866487503052,0.6672893166542053,0.26600754261016846,-0.04110025614500046,0.6856680512428284,0.26893851161003113,-0.04257320985198021,0.6027283668518066,0.28525954484939575,-0.03788195550441742,0.6345059275627136,0.2958008944988251,-0.043789759278297424,0.653002142906189,0.30173948407173157,-0.043775852769613266,0.6689213514328003,0.304167240858078,-0.044126998633146286,3.9347179999999753
0.5605625510215759,0.2715131938457489,0.0,0.5737856030464172,0.22607111930847168,0.002471023006364703,0.5996544361114502,0.20204666256904602,-0.0033715490717440844,0.6251316070556641,0.19903111457824707,-0.009073326364159584,0.6432159543037415,0.20324085652828217,-0.01505796518176794,0.6029196381568909,0.18040557205677032,-0.024009007960557938,0.6399351954460144,0.18124498426914215,-0.03329478204250336,0.6655469536781311,0.18429620563983917,-0.03699688985943794,0.685554563999176,0.187902569770813,-0.039158597588539124,0.6047698855400085,0.2056315839290619,-0.030501389876008034,0.6475681066513062,0.21074798703193665,-0.03953064605593681,0.6764732003211975,0.21596437692642212,-0.041066356003284454,0.6985477209091187,0.22054524719715118,-0.042967237532138824,0.6065092086791992,0.23895159363746643,-0.035020142793655396,0.6495177149772644,0.24239066243171692,-0.04159398749470711,0.6750150322914124,0.24635738134384155,-0.04126226529479027,0.6936058402061462,0.24703273177146912,-0.04226800054311752,0.6076063513755798,0.2727539837360382,-0.03878108039498329,0.6417959928512573,0.27613145112991333,-0.04389526695013046,0.6614930033683777,0.27910569310188293,-0.04317735135555267,0.6773973703384399,0.2791018784046173,-0.04327414184808731,3.9733664000000317
0.5664114952087402,0.26468971371650696,0.0,0.5767447352409363,0.21669554710388184,0.004224349278956652,0.5994119644165039,0.18524469435214996,0.00036127041676081717,0.6228060126304626,0.17252027988433838,-0.003857098752632737,0.6403165459632874,0.16897642612457275,-0.008199713192880154,0.6056028604507446,0.16992780566215515,-0.018948595970869064,0.6444520950317383,0.16588839888572693,-0.026446916162967682,0.6681783199310303,0.16952559351921082,-0.027934670448303223,0.6852344870567322,0.17445726692676544,-0.028427666053175926,0.6090909242630005,0.19459626078605652,-0.026108043268322945,0.6545396447181702,0.19637276232242584,-0.03286174684762955,0.6812458038330078,0.2020980417728424,-0.03203316777944565,0.6995922923088074,0.2061740905046463,-0.032220691442489624,0.6124082803726196,0.226687490940094,-0.03158555552363396,0.6560810208320618,0.22553901374340057,-0.0368632972240448,0.6807384490966797,0.2295665293931961,-0.03497696667909622,0.6972872614860535,0.22967828810214996,-0.03475210443139076,0.6145942211151123,0.2604558765888214,-0.036348991096019745,0.648621678352356,0.2597223222255707,-0.04099126532673836,0.6675665974617004,0.262606143951416,-0.039694324135780334,0.6813663840293884,0.262544721364975,-0.039058227092027664,4.0181012000000464
0.5698617696762085,0.25423720479011536,0.0,0.579693615436554,0.20624461770057678,0.006625625304877758,0.6006007790565491,0.17557646334171295,0.004017502535134554,0.6229856610298157,0.1644752323627472,0.00047548359725624323,0.6390970945358276,0.16726666688919067,-0.0032842361833900213,0.6071192622184753,0.15712198615074158,-0.01623997837305069,0.646240234375,0.149399071931839,-0.02293122373521328,0.6685090065002441,0.14985999464988708,-0.023380903527140617,0.6844578981399536,0.1530076563358307,-0.023094527423381805,0.6120166182518005,0.18039372563362122,-0.024485906586050987,0.6569271087646484,0.17465513944625854,-0.030037743970751762,0.6813024878501892,0.17708057165145874,-0.02780028060078621,0.6982147097587585,0.18059547245502472,-0.026955507695674896,0.616324245929718,0.21143102645874023,-0.03108242154121399,0.6589721441268921,0.2043624073266983,-0.03570357337594032,0.6819294691085815,0.20503844320774078,-0.033320482820272446,0.697537362575531,0.20433761179447174,-0.03269035741686821,0.6188967227935791,0.24528692662715912,-0.036839209496974945,0.6510560512542725,0.24194182455539703,-0.04122917354106903,0.6690574288368225,0.24101723730564117,-0.039953332394361496,0.6826165318489075,0.2382161170244217,-0.03924300894141197,4.0545084000000315
0.5700648427009583,0.24799920618534088,0.0,0.5793229341506958,0.20044328272342682,0.009962501935660839,0.6001600623130798,0.17041409015655518,0.009443682618439198,0.623019814491272,0.16020628809928894,0.0074098557233810425,0.6393217444419861,0.16384169459342957,0.005154859274625778,0.6082381010055542,0.14926108717918396,-0.012475322932004929,0.6487785577774048,0.14415085315704346,-0.01784282736480236,0.6696305274963379,0.1477157324552536,-0.017002636566758156,0.6829153299331665,0.15424911677837372,-0.01579408533871174,0.6128885746002197,0.1717682033777237,-0.021964963525533676,0.6586983799934387,0.16767415404319763,-0.027034742757678032,0.6825206279754639,0.17172250151634216,-0.02418343909084797,0.6986374258995056,0.17706593871116638,-0.022741323336958885,0.6168092489242554,0.20291996002197266,-0.02957417257130146,0.6604687571525574,0.1976831555366516,-0.033520378172397614,0.682976484298706,0.19947490096092224,-0.030515536665916443,0.6980668902397156,0.20024201273918152,-0.02949126437306404,0.6190627813339233,0.2382681965827942,-0.03604911267757416,0.6521992683410645,0.2356516569852829,-0.03971800208091736,0.6701712608337402,0.23545138537883759,-0.037855759263038635,0.6835633516311646,0.23446853458881378,-0.03672339394688606,4.094815100000005
0.56956547498703,0.24858805537223816,0.0,0.5781627297401428,0.1992320716381073,0.009142202325165272,0.5992070436477661,0.1684482991695404,0.00819918792694807,0.6222619414329529,0.15808437764644623,0.005906403996050358,0.6392635107040405,0.16149887442588806,0.0033508578781038523,0.6085127592086792,0.14934419095516205,-0.013738400302827358,0.6496326923370361,0.14290456473827362,-0.01934405043721199,0.6714658141136169,0.1475163698196411,-0.018675411120057106,0.6856368184089661,0.15475216507911682,-0.017578434199094772,0.6135060787200928,0.17277882993221283,-0.02278103679418564,0.6589484214782715,0.16771312057971954,-0.02757527492940426,0.6824677586555481,0.17109078168869019,-0.024559296667575836,0.6980162262916565,0.17600274085998535,-0.023106886073946953,0.6175194978713989,0.20393425226211548,-0.029967589303851128,0.6608830094337463,0.19716745615005493,-0.033689193427562714,0.6829249858856201,0.19774118065834045,-0.030751947313547134,0.697290301322937,0.1978956162929535,-0.029916584491729736,0.6197465062141418,0.2383519411087036,-0.03611770272254944,0.6529012322425842,0.23519384860992432,-0.03994876891374588,0.6709849834442139,0.234847292304039,-0.03834320977330208,0.6843299865722656,0.23351523280143738,-0.03741603344678879,4.129831999999965
0.5684546232223511,0.2508302330970764,0.0,0.5773091316223145,0.2003602236509323,0.012118533253669739,0.59785395860672,0.16951178014278412,0.012517618015408516,0.6209197640419006,0.15840956568717957,0.011217513121664524,0.6377503275871277,0.1617106795310974,0.009596972726285458,0.6078537106513977,0.14862865209579468,-0.012209748849272728,0.6494720578193665,0.142824187874794,-0.016652164980769157,0.6711689829826355,0.14737528562545776,-0.014652363955974579,0.6849995851516724,0.15462762117385864,-0.012644481845200062,0.6130515336990356,0.17177730798721313,-0.022263364866375923,0.6593506932258606,0.16658207774162292,-0.02618776075541973,0.6825397610664368,0.17058256268501282,-0.021795224398374557,0.6977759003639221,0.1757999062538147,-0.019302919507026672,0.6172633767127991,0.2031775712966919,-0.030123990029096603,0.661359965801239,0.1964183747768402,-0.033041033893823624,0.6832427382469177,0.19751064479351044,-0.028904318809509277,0.6973146200180054,0.19821855425834656,-0.027263924479484558,0.619566798210144,0.23819154500961304,-0.036642640829086304,0.6533684730529785,0.23488423228263855,-0.039723098278045654,0.6711379289627075,0.23452556133270264,-0.03731536865234375,0.6841159462928772,0.23321835696697235,-0.03579401969909668,4.169794400000001
0.5675544738769531,0.25323355197906494,0.0,0.5773873925209045,0.20141851902008057,0.010719801299273968,0.5978069305419922,0.17008841037750244,0.010646902956068516,0.6206381320953369,0.15956874191761017,0.008920043706893921,0.6373692154884338,0.16313189268112183,0.006996959913522005,0.6081990003585815,0.15044577419757843,-0.011350072920322418,0.6498343348503113,0.14460331201553345,-0.01599271036684513,0.6715229153633118,0.14827507734298706,-0.014958443120121956,0.6859070658683777,0.1543801873922348,-0.013745415955781937,0.613563597202301,0.17386725544929504,-0.020988915115594864,0.659108579158783,0.16908761858940125,-0.02485361136496067,0.6824657320976257,0.17190536856651306,-0.021554097533226013,0.6984121203422546,0.17632222175598145,-0.020096220076084137,0.6179146766662598,0.20501534640789032,-0.02867041900753975,0.6610998511314392,0.19867826998233795,-0.031184116378426552,0.6829767823219299,0.19875721633434296,-0.02795545756816864,0.6976153254508972,0.19835008680820465,-0.027285980060696602,0.6202530860900879,0.23965990543365479,-0.03527846187353134,0.6531855463981628,0.2366907298564911,-0.037920184433460236,0.6705589294433594,0.23614594340324402,-0.03594651073217392,0.6834098100662231,0.23442405462265015,-0.035077232867479324,4.203364599999986
0.5673019289970398,0.2572368085384369,0.0,0.5776602625846863,0.20562836527824402,0.009703366085886955,0.5982867479324341,0.17334100604057312,0.009071864187717438,0.6209274530410767,0.16259276866912842,0.006843253038823605,0.6378505825996399,0.16519604623317719,0.004460574593394995,0.6080993413925171,0.1529809981584549,-0.012024471536278725,0.6498068571090698,0.1468075066804886,-0.01731807366013527,0.6714929342269897,0.15053591132164001,-0.01652209274470806,0.6855393052101135,0.15657161176204681,-0.015326360240578651,0.6132575869560242,0.17633391916751862,-0.021548796445131302,0.6591108441352844,0.1719355434179306,-0.025995461270213127,0.682619035243988,0.17476734519004822,-0.02273440919816494,0.698391318321228,0.1789158582687378,-0.021165866404771805,0.6174079775810242,0.20752592384815216,-0.029293157160282135,0.6608209013938904,0.20168471336364746,-0.03246145695447922,0.6829000115394592,0.20221468806266785,-0.029109293594956398,0.6975475549697876,0.20178653299808502,-0.028134671971201897,0.6197471618652344,0.24210292100906372,-0.03610871359705925,0.6532410979270935,0.23877373337745667,-0.03938379883766174,0.6711567044258118,0.23768554627895355,-0.03749958798289299,0.6844033598899841,0.23538553714752197,-0.03651139512658119,4.241913299999965
0.564605712890625,0.2592754662036896,0.0,0.5758244395256042,0.2084750086069107,0.011040018871426582,0.5954504013061523,0.17564040422439575,0.010934807360172272,0.617281973361969,0.16302575170993805,0.008976573124527931,0.6335337162017822,0.16572517156600952,0.006892236415296793,0.6064440608024597,0.15474292635917664,-0.011012700386345387,0.6489627957344055,0.15135988593101501,-0.016168517991900444,0.670134425163269,0.15904663503170013,-0.01530466414988041,0.683361828327179,0.1668383777141571,-0.014210408553481102,0.6115859746932983,0.17700651288032532,-0.02147894725203514,0.6589512825012207,0.17395825684070587,-0.02643587626516819,0.6830931901931763,0.17881512641906738,-0.02370346337556839,0.6993837356567383,0.18425524234771729,-0.022566763684153557,0.615694522857666,0.2078913003206253,-0.0299904253333807,0.6603877544403076,0.20373401045799255,-0.033326614648103714,0.683438241481781,0.20593494176864624,-0.030210677534341812,0.699174165725708,0.20666058361530304,-0.02955213189125061,0.6180549263954163,0.24361014366149902,-0.03744086995720863,0.6529018878936768,0.242061585187912,-0.04070884734392166,0.6714522838592529,0.2415090799331665,-0.03882763534784317,0.6856563687324524,0.23909221589565277,-0.03797505050897598,4.27565560000005
0.5630126595497131,0.2611898183822632,0.0,0.575029194355011,0.2109489142894745,0.011905064806342125,0.5934157371520996,0.17721296846866608,0.011738652363419533,0.6134688258171082,0.16228041052818298,0.009768730029463768,0.6271584033966064,0.1643775850534439,0.007801230531185865,0.6050893664360046,0.15589438378810883,-0.012372838333249092,0.648571252822876,0.15635699033737183,-0.01741131767630577,0.6689199209213257,0.16680309176445007,-0.01578402891755104,0.6806278824806213,0.175515815615654,-0.014082078821957111,0.609499990940094,0.17837727069854736,-0.02319047786295414,0.6585798263549805,0.1766676902770996,-0.028696011751890182,0.6830269694328308,0.1829211264848709,-0.025308506563305855,0.6989947557449341,0.18941469490528107,-0.02348179928958416,0.6133362650871277,0.2102113515138626,-0.03173629194498062,0.6598703265190125,0.20729228854179382,-0.0352034829556942,0.6836430430412292,0.21170663833618164,-0.030958028510212898,0.699238121509552,0.21426717936992645,-0.029356738552451134,0.6157430410385132,0.24737264215946198,-0.039060283452272415,0.6523135900497437,0.24562829732894897,-0.04183859005570412,0.6710155606269836,0.24515749514102936,-0.03894120082259178,0.6849889159202576,0.24290458858013153,-0.037291184067726135,4.316580499999986
0.5605736374855042,0.26803064346313477,0.0,0.5752134919166565,0.22197744250297546,0.009891048073768616,0.5979748964309692,0.1896291822195053,0.007738119922578335,0.6207550764083862,0.17459622025489807,0.0033047585748136044,0.6393845081329346,0.1682233214378357,-0.0010081893997266889,0.6040987372398376,0.16622915863990784,-0.013048414140939713,0.646704375743866,0.16141030192375183,-0.021810662001371384,0.668334424495697,0.17311140894889832,-0.023638060316443443,0.6815589070320129,0.1850387006998062,-0.024208035320043564,0.6052046418190002,0.18584179878234863,-0.024679092690348625,0.6542084813117981,0.1835005134344101,-0.03439389169216156,0.6805273294448853,0.19208860397338867,-0.034605007618665695,0.6979720592498779,0.200581356883049,-0.03495955839753151,0.606450617313385,0.21579775214195251,-0.034535881131887436,0.6536375880241394,0.2155437171459198,-0.042185403406620026,0.6789400577545166,0.22205263376235962,-0.04042355343699455,0.6964007019996643,0.2253008484840393,-0.039930883795022964,0.6074094772338867,0.2504006326198578,-0.04338875040411949,0.6434429883956909,0.25477248430252075,-0.04889560863375664,0.6618242859840393,0.2567557692527771,-0.04738380387425423,0.6756976842880249,0.2559109330177307,-0.04664931446313858,4.349959799999965
0.558208703994751,0.2780667841434479,0.0,0.5734589099884033,0.2317640483379364,0.005806645844131708,0.5982499122619629,0.19926367700099945,0.0015577634330838919,0.6223127245903015,0.18862539529800415,-0.004169876221567392,0.640652060508728,0.18885894119739532,-0.00963470246642828,0.6033538579940796,0.17445510625839233,-0.01888478733599186,0.64790278673172,0.17388032376766205,-0.029671937227249146,0.6707023978233337,0.1888984739780426,-0.03255895897746086,0.6854817271232605,0.20321033895015717,-0.03360490873456001,0.602421224117279,0.19529546797275543,-0.02896779775619507,0.6512325406074524,0.19666138291358948,-0.04015412554144859,0.6768313050270081,0.2078753113746643,-0.040154799818992615,0.6941054463386536,0.21788887679576874,-0.04033913090825081,0.6017240285873413,0.2254236787557602,-0.03755641728639603,0.6469438672065735,0.2278452068567276,-0.04663863778114319,0.6715766191482544,0.23614755272865295,-0.04470622539520264,0.6888774633407593,0.23999404907226562,-0.04384375736117363,0.601188600063324,0.2599145472049713,-0.045556604862213135,0.6354432106018066,0.2652032673358917,-0.052702806890010834,0.6542118191719055,0.26745104789733887,-0.05164549499750137,0.6687403321266174,0.26654624938964844,-0.05087602883577347,4.392504300000041
0.5533969402313232,0.2918647527694702,0.0,0.5724700689315796,0.2491539567708969,0.00678762374445796,0.5980715155601501,0.21996000409126282,0.0025740459095686674,0.6216038465499878,0.21042805910110474,-0.0038330499082803726,0.6390165686607361,0.2117329090833664,-0.010073729790747166,0.6020171046257019,0.1925657093524933,-0.01790602132678032,0.6445832848548889,0.18825452029705048,-0.029992276802659035,0.6670544147491455,0.19979669153690338,-0.033301372081041336,0.6822721362113953,0.212357297539711,-0.03443428501486778,0.5986511707305908,0.21073031425476074,-0.029183778911828995,0.6443363428115845,0.20786337554454803,-0.043086644262075424,0.6689196825027466,0.21984635293483734,-0.043497517704963684,0.6860540509223938,0.230758398771286,-0.043047524988651276,0.5951537489891052,0.23894014954566956,-0.039153989404439926,0.6364824175834656,0.23932695388793945,-0.051789894700050354,0.660735011100769,0.24823319911956787,-0.04993778467178345,0.6785362958908081,0.2536730468273163,-0.04778072237968445,0.5918346047401428,0.2716693580150604,-0.04837397485971451,0.6220371723175049,0.2778139114379883,-0.057556383311748505,0.6396814584732056,0.28170785307884216,-0.05642112344503403,0.6541533470153809,0.2832627594470978,-0.05477233976125717,4.426548300000036
0.5493687391281128,0.3033680021762848,0.0,0.5758445858955383,0.26890990138053894,0.00687350844964385,0.6045746803283691,0.24383357167243958,0.0017867481801658869,0.6292046308517456,0.23689548671245575,-0.006158015690743923,0.646000862121582,0.23362286388874054,-0.014121044427156448,0.6001172065734863,0.21343183517456055,-0.018808133900165558,0.6399001479148865,0.2045460343360901,-0.03322269394993782,0.6595962047576904,0.21741972863674164,-0.03856385126709938,0.6721100211143494,0.23175553977489471,-0.04113581404089928,0.5936310887336731,0.22956858575344086,-0.031574711203575134,0.6338478326797485,0.22416041791439056,-0.048296988010406494,0.6564270853996277,0.2355520874261856,-0.05094291269779205,0.6714688539505005,0.24603113532066345,-0.05194324627518654,0.586462140083313,0.2543899118900299,-0.0431937538087368,0.6224480867385864,0.2534046471118927,-0.05847075954079628,0.6446340680122375,0.2608337998390198,-0.05818371847271919,0.6605316400527954,0.26588061451911926,-0.05700531601905823,0.5797891020774841,0.2851884365081787,-0.05406312271952629,0.6041402220726013,0.29148784279823303,-0.06516128033399582,0.6188900470733643,0.2941044569015503,-0.06506070494651794,0.6302326917648315,0.29433169960975647,-0.0642017275094986,4.468207300000017
0.5449050068855286,0.32068321108818054,0.0,0.5838574171066284,0.309720903635025,0.004818027373403311,0.6136500239372253,0.28600040078163147,-0.0034924312494695187,0.6374967098236084,0.2773296535015106,-0.014537517912685871,0.6571183800697327,0.2704503536224365,-0.02645122818648815,0.5948870778083801,0.23484684526920319,-0.029003674164414406,0.6335135102272034,0.23119601607322693,-0.04842910170555115,0.6507130861282349,0.24939890205860138,-0.05706429481506348,0.6612095832824707,0.26558417081832886,-0.06221746653318405,0.5844131708145142,0.2497820109128952,-0.04332764819264412,0.621201753616333,0.24846166372299194,-0.06582994014024734,0.6432943344116211,0.2638099491596222,-0.07259255647659302,0.6594741344451904,0.2768460810184479,-0.0769483670592308,0.5726137161254883,0.2735658288002014,-0.05620773136615753,0.6040701270103455,0.27380454540252686,-0.07711441069841385,0.6258828043937683,0.2835852801799774,-0.08133804053068161,0.6434603333473206,0.29170429706573486,-0.08360877633094788,0.5627536773681641,0.30617812275886536,-0.06803130358457565,0.5795091390609741,0.31267502903938293,-0.0846405178308487,0.5920670032501221,0.314538836479187,-0.08819517493247986,0.6035189628601074,0.314712256193161,-0.09022407233715057,4.502813599999968
0.5452120304107666,0.3562958836555481,0.0,0.5802181959152222,0.36554574966430664,-0.00266084261238575,0.6070903539657593,0.3478349447250366,-0.010604137554764748,0.628373384475708,0.33230432868003845,-0.020106857642531395,0.6499945521354675,0.3239947259426117,-0.029044127091765404,0.6014276742935181,0.2648525834083557,-0.01662983000278473,0.6324045062065125,0.2707928717136383,-0.03012906201183796,0.6421197056770325,0.28988561034202576,-0.03587816655635834,0.6462925672531128,0.3023988604545593,-0.03904467448592186,0.5894933342933655,0.26490533351898193,-0.024890830740332603,0.6211805939674377,0.27196362614631653,-0.039011597633361816,0.6322111487388611,0.29051533341407776,-0.041301604360342026,0.6389419436454773,0.3021276295185089,-0.04237208515405655,0.5758179426193237,0.27862662076950073,-0.03379382938146591,0.6035830974578857,0.2871822714805603,-0.047893673181533813,0.6144363284111023,0.2970312833786011,-0.04783031716942787,0.6212745308876038,0.3017066419124603,-0.04689620062708855,0.5637582540512085,0.3047280013561249,-0.04318980872631073,0.5829038023948669,0.31363847851753235,-0.05555874481797218,0.5911514163017273,0.31703853607177734,-0.056576699018478394,0.5968145728111267,0.31657055020332336,-0.05597281828522682,4.54274010000006
0.5232800245285034,0.4253040552139282,0.0,0.5504686832427979,0.4394122064113617,-0.006182550452649593,0.5806753635406494,0.4320460259914398,-0.015831461176276207,0.604184627532959,0.4241377115249634,-0.02624480612576008,0.6258568167686462,0.4180411994457245,-0.03640175610780716,0.5764408111572266,0.36976394057273865,-0.025675788521766663,0.6014933586120605,0.3522394597530365,-0.04159259796142578,0.6142407655715942,0.3575863540172577,-0.048651646822690964,0.6233645081520081,0.36144423484802246,-0.0529603585600853,0.5587906241416931,0.36224281787872314,-0.0325201153755188,0.5800498127937317,0.35128486156463623,-0.05181027576327324,0.5779292583465576,0.37756356596946716,-0.05307088792324066,0.5725595951080322,0.39529696106910706,-0.05145872011780739,0.5393770337104797,0.3664296567440033,-0.03954130783677101,0.5499117374420166,0.3778437674045563,-0.05706116184592247,0.5477354526519775,0.4020325839519501,-0.05327911302447319,0.5431268811225891,0.4152527153491974,-0.04812202975153923,0.5203171372413635,0.38171714544296265,-0.047474201768636703,0.5225157737731934,0.3987397849559784,-0.06118698790669441,0.519493818283081,0.4164692461490631,-0.06049218028783798,0.5159936547279358,0.42603302001953125,-0.0574224628508091,4.628890999999953
0.382666677236557,0.5987372994422913,0.0,0.40529072284698486,0.6253988742828369,-0.034467220306396484,0.4145829975605011,0.6655197739601135,-0.060267526656389236,0.4242756962776184,0.6942822933197021,-0.07835252583026886,0.43772417306900024,0.7141783833503723,-0.09719868004322052,0.38780224323272705,0.667587399482727,-0.07941005378961563,0.36557379364967346,0.7061380743980408,-0.1042034700512886,0.34908050298690796,0.7292290329933167,-0.1181778758764267,0.33376002311706543,0.7476925849914551,-0.12714223563671112,0.3661036789417267,0.6526972055435181,-0.0689772516489029,0.3391178846359253,0.6938701868057251,-0.09549352526664734,0.3178633153438568,0.7241140604019165,-0.10996481776237488,0.2993870675563812,0.7496960163116455,-0.1206442266702652,0.35070616006851196,0.6423010230064392,-0.05681464448571205,0.324733167886734,0.6829358339309692,-0.07894601672887802,0.30737799406051636,0.7102535367012024,-0.09231143444776535,0.29251527786254883,0.7309501767158508,-0.10129271447658539,0.34112057089805603,0.63592928647995,-0.04556771740317345,0.32309025526046753,0.6658538579940796,-0.061446283012628555,0.31096285581588745,0.6868440508842468,-0.07121807336807251,0.2998596429824829,0.7027127146720886,-0.07885733991861343,4.844310999999948
0.3778282701969147,0.6045693159103394,0.0,0.3987189829349518,0.6348096132278442,-0.034105218946933746,0.41226956248283386,0.675988495349884,-0.06328241527080536,0.43095114827156067,0.7134861350059509,-0.08390194177627563,0.44929465651512146,0.7351472973823547,-0.1044449657201767,0.3878561556339264,0.6635675430297852,-0.09639175981283188,0.3657528758049011,0.6984392404556274,-0.12678366899490356,0.34740203619003296,0.7253970503807068,-0.1429922729730606,0.3274214267730713,0.746026873588562,-0.15361931920051575,0.3624037802219391,0.6583868861198425,-0.08681464195251465,0.3297199010848999,0.6942178010940552,-0.12458210438489914,0.30640551447868347,0.732538640499115,-0.1421082764863968,0.2842422127723694,0.7640388011932373,-0.15449410676956177,0.3441897928714752,0.6531872749328613,-0.07349307835102081,0.3142581582069397,0.6901829242706299,-0.10322236269712448,0.2953775227069855,0.7248825430870056,-0.11605111509561539,0.2766501307487488,0.7521613836288452,-0.12372209876775742,0.3335259258747101,0.6501933932304382,-0.06036297231912613,0.3124733865261078,0.6837534308433533,-0.08012965321540833,0.2971278131008148,0.708835780620575,-0.09002850204706192,0.28064289689064026,0.7263005375862122,-0.0974031314253807,4.88671510000006
0.3774919807910919,0.598964512348175,0.0,0.4016205072402954,0.6330737471580505,-0.029582351446151733,0.4175766110420227,0.6861103177070618,-0.056263651698827744,0.4370468854904175,0.7273022532463074,-0.07595459371805191,0.462063193321228,0.7439413070678711,-0.09543369710445404,0.3895072937011719,0.6652255654335022,-0.08817029744386673,0.36582887172698975,0.6962743401527405,-0.11632398515939713,0.34878888726234436,0.7179703712463379,-0.13007308542728424,0.3293249011039734,0.7362045049667358,-0.1391737014055252,0.36113718152046204,0.6575462818145752,-0.08168793469667435,0.3248348534107208,0.6919891238212585,-0.11815055459737778,0.3036858141422272,0.7254154682159424,-0.1332775056362152,0.2811650037765503,0.7523375749588013,-0.14413152635097504,0.34089910984039307,0.6510443091392517,-0.07138742506504059,0.3082738518714905,0.6902492046356201,-0.09961652010679245,0.2878791093826294,0.7250939607620239,-0.10959886014461517,0.2667955160140991,0.7535739541053772,-0.11566172540187836,0.3289068043231964,0.6500313878059387,-0.061254650354385376,0.3057045042514801,0.6901252269744873,-0.07898720353841782,0.2891606092453003,0.7172409296035767,-0.08658815175294876,0.2707512080669403,0.7362203598022461,-0.09262028336524963,4.934126099999958
0.3754975497722626,0.6015647053718567,0.0,0.4022879898548126,0.6349289417266846,-0.026353953406214714,0.4198276996612549,0.690800666809082,-0.050186168402433395,0.437539279460907,0.7318508625030518,-0.06883348524570465,0.46550610661506653,0.7440434694290161,-0.08760607242584229,0.3861736059188843,0.6689679026603699,-0.0750342532992363,0.36196622252464294,0.6993058323860168,-0.09886699169874191,0.34415203332901,0.7191277146339417,-0.11020209640264511,0.3243645429611206,0.7377506494522095,-0.11797423660755157,0.35522234439849854,0.6627725958824158,-0.07093410193920135,0.32040196657180786,0.7009227275848389,-0.10043638199567795,0.29932746291160583,0.7359950542449951,-0.11341963708400726,0.27722951769828796,0.7636973261833191,-0.12391506880521774,0.33314377069473267,0.6583801507949829,-0.06373769789934158,0.30246463418006897,0.7013301253318787,-0.086990587413311,0.2817845046520233,0.7371087074279785,-0.09659576416015625,0.2606532573699951,0.7679675817489624,-0.10369372367858887,0.32027557492256165,0.6596289277076721,-0.056978605687618256,0.3000763952732086,0.7053873538970947,-0.07203629612922668,0.28389772772789,0.7343349456787109,-0.0792507603764534,0.26534196734428406,0.7576186656951904,-0.08574800193309784,4.970204100000046
0.37591877579689026,0.5921558737754822,0.0,0.403910756111145,0.6266390085220337,-0.03358697146177292,0.4212890863418579,0.6831343770027161,-0.06227745860815048,0.44069015979766846,0.72072434425354,-0.08392992615699768,0.46711528301239014,0.7359480261802673,-0.10541129112243652,0.3850349485874176,0.6579399108886719,-0.09040303528308868,0.3610897362232208,0.6915751099586487,-0.11995622515678406,0.3431326746940613,0.7129716277122498,-0.13365022838115692,0.32425832748413086,0.7335721850395203,-0.14209461212158203,0.35586103796958923,0.6526125073432922,-0.08236050605773926,0.32004600763320923,0.6971858739852905,-0.11661716550588608,0.29732534289360046,0.7304903268814087,-0.1298922598361969,0.2746269106864929,0.7599811553955078,-0.13969683647155762,0.3352280259132385,0.6512892246246338,-0.07117156684398651,0.3035445809364319,0.7003055810928345,-0.09734661877155304,0.28167346119880676,0.7330705523490906,-0.10608618706464767,0.25973445177078247,0.7626314759254456,-0.11186931282281876,0.32268884778022766,0.657264769077301,-0.06087218225002289,0.29990875720977783,0.7012173533439636,-0.07712535560131073,0.28252726793289185,0.73006671667099,-0.08396777510643005,0.26337161660194397,0.7548691630363464,-0.08971404284238815,5.015517799999998
0.38107791543006897,0.5832817554473877,0.0,0.4100470542907715,0.6124083399772644,-0.030244428664445877,0.42922165989875793,0.6639398336410522,-0.056908607482910156,0.4499143362045288,0.6972100734710693,-0.0776098370552063,0.479326456785202,0.709287703037262,-0.0981932282447815,0.3943546414375305,0.6424340009689331,-0.08111606538295746,0.3698692321777344,0.674203634262085,-0.10685580223798752,0.35333213210105896,0.693467378616333,-0.11656814068555832,0.33853879570961,0.7125793695449829,-0.12183596938848495,0.3658462464809418,0.6371884942054749,-0.07501880824565887,0.3321112394332886,0.6887299418449402,-0.10200387984514236,0.31178537011146545,0.7224159240722656,-0.10934554785490036,0.2939569354057312,0.7540283799171448,-0.11511024087667465,0.344857394695282,0.6375718116760254,-0.06655678898096085,0.3141508400440216,0.6935506463050842,-0.08854574710130692,0.29330968856811523,0.7276652455329895,-0.09369288384914398,0.2749928832054138,0.7591801285743713,-0.0970655232667923,0.3313874304294586,0.6457893252372742,-0.05901074782013893,0.30673035979270935,0.6927869319915771,-0.07305905222892761,0.2891739308834076,0.7208632230758667,-0.07769276946783066,0.272342711687088,0.7469639182090759,-0.08162852376699448,5.060654699999986
0.39104610681533813,0.5783658027648926,0.0,0.42183083295822144,0.5916347503662109,-0.019312448799610138,0.4466891288757324,0.6096330881118774,-0.043755773454904556,0.4725034236907959,0.6228965520858765,-0.0653798058629036,0.50071781873703,0.6283550262451172,-0.08799956738948822,0.4171536862850189,0.5921996235847473,-0.07315055280923843,0.40333792567253113,0.615161120891571,-0.0981665849685669,0.39219605922698975,0.6374760270118713,-0.10918890684843063,0.38431912660598755,0.6611928939819336,-0.1153893917798996,0.3895401060581207,0.5974473357200623,-0.07214601337909698,0.3656318485736847,0.649360716342926,-0.0961814597249031,0.35518065094947815,0.679533839225769,-0.10297756642103195,0.3493194580078125,0.7076701521873474,-0.10897674411535263,0.3684929311275482,0.614763081073761,-0.06769709289073944,0.34356003999710083,0.6756596565246582,-0.08720629662275314,0.3325428068637848,0.7089018821716309,-0.09029483050107956,0.32470741868019104,0.7327221632003784,-0.09293099492788315,0.3529498875141144,0.645707368850708,-0.06306735426187515,0.3332698345184326,0.7039300799369812,-0.07325777411460876,0.32632961869239807,0.7308375239372253,-0.07469665259122849,0.32114332914352417,0.7476014494895935,-0.07741750776767731,5.0940980999999965
0.3980816900730133,0.6073271632194519,0.0,0.42900657653808594,0.6090580821037292,-0.012613173574209213,0.4562922418117523,0.6039668321609497,-0.03171689808368683,0.48503080010414124,0.5978653430938721,-0.049247488379478455,0.5170085430145264,0.5820398926734924,-0.06721974909305573,0.4309574365615845,0.5579344630241394,-0.06058427318930626,0.42308905720710754,0.5795328617095947,-0.08019094914197922,0.4150695502758026,0.605671226978302,-0.08737017214298248,0.4088897705078125,0.6294446587562561,-0.09029804170131683,0.4034448266029358,0.555641770362854,-0.06169428676366806,0.3948977589607239,0.6112151741981506,-0.0782870501279831,0.39129123091697693,0.6367764472961426,-0.07813172042369843,0.3897833824157715,0.6601083278656006,-0.07935364544391632,0.3818630874156952,0.5757938623428345,-0.05880328267812729,0.3712565004825592,0.6359732151031494,-0.07106536626815796,0.36510714888572693,0.6738972663879395,-0.0666387751698494,0.35805851221084595,0.7017163634300232,-0.06477177143096924,0.3659490942955017,0.6103940606117249,-0.055767662823200226,0.3572739064693451,0.6670981049537659,-0.06047709286212921,0.35385435819625854,0.6957865953445435,-0.05685918778181076,0.3482365608215332,0.7137015461921692,-0.05588250979781151,5.1315843999999515
0.5051281452178955,0.38638836145401,0.0,0.532939076423645,0.34865301847457886,-0.0018252745503559709,0.5677145719528198,0.34396860003471375,-0.011864349246025085,0.5955320596694946,0.36642736196517944,-0.021502695977687836,0.6102748513221741,0.388409823179245,-0.030949704349040985,0.5517221689224243,0.32617467641830444,-0.03672851622104645,0.5879055261611938,0.3581377863883972,-0.05053441599011421,0.6050754189491272,0.38568130135536194,-0.054607126861810684,0.6160473227500916,0.4054689407348633,-0.05642345920205116,0.5388060212135315,0.3624560832977295,-0.04367670789361,0.5755558609962463,0.4076383411884308,-0.058447785675525665,0.5965679883956909,0.4322627782821655,-0.0581972561776638,0.6108100414276123,0.4462585747241974,-0.0583089143037796,0.5279591083526611,0.4007790982723236,-0.0484418049454689,0.5606247782707214,0.44210290908813477,-0.05933675542473793,0.5824432969093323,0.4647074341773987,-0.05470144748687744,0.5974705219268799,0.4769490957260132,-0.05235898867249489,0.5205613970756531,0.43528228998184204,-0.052910223603248596,0.5463190078735352,0.4689916670322418,-0.06094004958868027,0.5631439685821533,0.4859910309314728,-0.057917121797800064,0.5748971104621887,0.4966871738433838,-0.05571921542286873,5.336138000000005
0.5143808126449585,0.3706282377243042,0.0,0.5379771590232849,0.3374309241771698,0.00702648563310504,0.5642765760421753,0.32552075386047363,0.005652285646647215,0.5847708582878113,0.3241256773471832,0.002234248211607337,0.601044774055481,0.3268013000488281,-0.0013539264909923077,0.5693632960319519,0.3070814311504364,-0.003356212517246604,0.5964959263801575,0.31631380319595337,-0.00884008314460516,0.6164536476135254,0.3241637647151947,-0.01210358738899231,0.6325267553329468,0.3307899236679077,-0.013968694023787975,0.5690459609031677,0.32337284088134766,-0.011405889876186848,0.6006265878677368,0.341187059879303,-0.016455229371786118,0.6244864463806152,0.35219693183898926,-0.018528208136558533,0.6441141963005066,0.360144704580307,-0.020692231133580208,0.5680476427078247,0.34682998061180115,-0.018641822040081024,0.6020988821983337,0.3666805028915405,-0.02198381908237934,0.6234739422798157,0.37906354665756226,-0.02198897674679756,0.6405957937240601,0.38701504468917847,-0.0232548750936985,0.5659764409065247,0.37135744094848633,-0.025484351441264153,0.5939951539039612,0.3890038728713989,-0.028041470795869827,0.6110771894454956,0.3994874656200409,-0.027233503758907318,0.6258963346481323,0.40611663460731506,-0.02736007235944271,5.388071800000034
0.5625680685043335,0.26723724603652954,0.0,0.5755606293678284,0.228168785572052,0.002462353790178895,0.6006789803504944,0.20955482125282288,-0.003203721484169364,0.6247982978820801,0.210442453622818,-0.008831052109599113,0.6410648226737976,0.2226192206144333,-0.014748873189091682,0.6031598448753357,0.18846961855888367,-0.025209693238139153,0.6407328248023987,0.19612981379032135,-0.03486267104744911,0.664415717124939,0.20694158971309662,-0.03743286058306694,0.6813532710075378,0.21731838583946228,-0.03848440945148468,0.6034876108169556,0.21289382874965668,-0.03205283358693123,0.6472077369689941,0.2259247750043869,-0.041535764932632446,0.6742194890975952,0.23887193202972412,-0.041818223893642426,0.6940944790840149,0.24850061535835266,-0.04240463674068451,0.6031622290611267,0.24604305624961853,-0.03705946356058121,0.6460676193237305,0.25998741388320923,-0.04534624144434929,0.6710383296012878,0.2725240886211395,-0.04490568861365318,0.6890915632247925,0.27984052896499634,-0.044986046850681305,0.6022689342498779,0.2813393175601959,-0.04118936136364937,0.6343557834625244,0.2953651249408722,-0.04807166010141373,0.6536178588867188,0.3056623935699463,-0.047797590494155884,0.6690248250961304,0.31149613857269287,-0.04750426113605499,5.472610400000008
0.5661312341690063,0.2590748369693756,0.0,0.5781897306442261,0.2172766774892807,0.002240692963823676,0.6042606234550476,0.1955348551273346,-0.003254752140492201,0.6297412514686584,0.19660572707653046,-0.008606497198343277,0.6476438045501709,0.20628806948661804,-0.014215277507901192,0.6062308549880981,0.17345082759857178,-0.02401603013277054,0.6446322798728943,0.17889414727687836,-0.033378370106220245,0.6683831810951233,0.18821224570274353,-0.035890087485313416,0.6855455636978149,0.1980373114347458,-0.036889269948005676,0.6071483492851257,0.19766700267791748,-0.030529381707310677,0.6529037356376648,0.21049818396568298,-0.03907196596264839,0.6792385578155518,0.22323915362358093,-0.03849843516945839,0.6980366110801697,0.23270079493522644,-0.038661930710077286,0.6082783937454224,0.23014050722122192,-0.03538200631737709,0.6533634662628174,0.24206577241420746,-0.04213254898786545,0.6769649982452393,0.25257381796836853,-0.04019751772284508,0.6935409903526306,0.2572349011898041,-0.03968849033117294,0.608819842338562,0.2648829221725464,-0.0395716093480587,0.6441600918769836,0.27588507533073425,-0.04517645761370659,0.6629159450531006,0.2826298773288727,-0.043831966817379,0.676830530166626,0.2848755717277527,-0.04299543425440788,5.511231599999974
0.5692700743675232,0.2504724860191345,0.0,0.5806502103805542,0.2063291221857071,0.003560230601578951,0.6055850386619568,0.1795789897441864,-0.0008051375043578446,0.6299144625663757,0.17084403336048126,-0.005508525762706995,0.6473516225814819,0.16916227340698242,-0.010317751206457615,0.609245777130127,0.16220441460609436,-0.02018764428794384,0.648995041847229,0.16553722321987152,-0.028623584657907486,0.6724571585655212,0.1742745190858841,-0.030708622187376022,0.6889165043830872,0.18287312984466553,-0.031557731330394745,0.6108994483947754,0.18721869587898254,-0.02732393518090248,0.6567996144294739,0.19490502774715424,-0.03549368306994438,0.6832234263420105,0.20504975318908691,-0.03534715250134468,0.7015987634658813,0.21299612522125244,-0.0358474962413311,0.6126924157142639,0.219940647482872,-0.03281470015645027,0.6565201878547668,0.22542798519134521,-0.039312105625867844,0.6804904341697693,0.2334863245487213,-0.037805940955877304,0.6967982053756714,0.23718217015266418,-0.037642959505319595,0.6137863993644714,0.2546881437301636,-0.037622883915901184,0.6475718021392822,0.26042792201042175,-0.043157853186130524,0.6661232113838196,0.2649168372154236,-0.04219235107302666,0.6799613237380981,0.2661883533000946,-0.04167516157031059,5.544341799999984
0.569749116897583,0.24422602355480194,0.0,0.5806261897087097,0.20113453269004822,0.006203754339367151,0.603628933429718,0.17473268508911133,0.0032123811542987823,0.6270203590393066,0.16828154027462006,-0.000731134379748255,0.6429833173751831,0.17365151643753052,-0.0049812267534434795,0.6094679236412048,0.15346333384513855,-0.017549769952893257,0.6499382257461548,0.15511144697666168,-0.025211084634065628,0.6720718145370483,0.16208024322986603,-0.026201970875263214,0.6874164938926697,0.17013052105903625,-0.026219457387924194,0.6125866770744324,0.17665612697601318,-0.026093831285834312,0.6589323878288269,0.18195755779743195,-0.033097341656684875,0.6838700771331787,0.1912972629070282,-0.031602468341588974,0.7009888887405396,0.19983506202697754,-0.031137825921177864,0.6150980591773987,0.20858485996723175,-0.032972391694784164,0.659731388092041,0.21133685111999512,-0.03869864344596863,0.6835013031959534,0.2184801548719406,-0.03667343035340309,0.6997369527816772,0.22228305041790009,-0.03621780872344971,0.6162624955177307,0.24392466247081757,-0.03901444748044014,0.6504760980606079,0.24808338284492493,-0.044206757098436356,0.6694784760475159,0.2515700161457062,-0.04309158772230148,0.6838512420654297,0.25240808725357056,-0.042446862906217575,5.590433400000052
0.5735911726951599,0.2401418387889862,0.0,0.5831901431083679,0.19410882890224457,0.0069488887675106525,0.60405033826828,0.1655757874250412,0.004972673952579498,0.6262341141700745,0.15704023838043213,0.001986719900742173,0.6424130797386169,0.16128598153591156,-0.001115060062147677,0.6122207641601562,0.1465127170085907,-0.014245509169995785,0.6519824862480164,0.1428307741880417,-0.020263195037841797,0.6727549433708191,0.1473277509212494,-0.019984103739261627,0.6864545941352844,0.15453018248081207,-0.019063077867031097,0.6166740655899048,0.1695166826248169,-0.022364258766174316,0.6617146730422974,0.16991396248340607,-0.027396077290177345,0.684895932674408,0.17620699107646942,-0.024762367829680443,0.7000622153282166,0.18291042745113373,-0.02347847819328308,0.6201584339141846,0.20010824501514435,-0.028926469385623932,0.6626951694488525,0.19926950335502625,-0.033164795488119125,0.6849100589752197,0.20348462462425232,-0.030667312443256378,0.6994035840034485,0.20558783411979675,-0.029811982065439224,0.6217834949493408,0.23412160575389862,-0.034683216363191605,0.6533603072166443,0.23453862965106964,-0.03881063312292099,0.6708124876022339,0.23637022078037262,-0.03747156262397766,0.683374285697937,0.23647788166999817,-0.0365632139146328,5.624061999999981
0.5723956227302551,0.2393561601638794,0.0,0.5815693140029907,0.19213101267814636,0.009004021994769573,0.603582501411438,0.16328005492687225,0.008142334409058094,0.6270243525505066,0.15597663819789886,0.0058974321000278,0.6434078812599182,0.16175083816051483,0.0033952053636312485,0.6125320196151733,0.14338870346546173,-0.013429727405309677,0.6531144380569458,0.14007045328617096,-0.019199006259441376,0.673957884311676,0.14712297916412354,-0.01862705685198307,0.6870641112327576,0.15652038156986237,-0.01756873168051243,0.6169693470001221,0.1667390912771225,-0.02244359813630581,0.6617130637168884,0.16605599224567413,-0.027746019884943962,0.6843004822731018,0.1723494976758957,-0.02501976490020752,0.6990475654602051,0.18004101514816284,-0.023574093356728554,0.6202189922332764,0.1980331540107727,-0.029651137068867683,0.6629905700683594,0.19609367847442627,-0.03399164602160454,0.684235155582428,0.19970305263996124,-0.03130347281694412,0.6982396841049194,0.20233778655529022,-0.03036273457109928,0.6216681599617004,0.2326892763376236,-0.0358186811208725,0.6541346311569214,0.23280757665634155,-0.04019826278090477,0.6718937754631042,0.23321175575256348,-0.03888668119907379,0.6851446628570557,0.23236650228500366,-0.03797488659620285,5.664494399999967
0.5705050230026245,0.24105167388916016,0.0,0.580647885799408,0.19216156005859375,0.010378418490290642,0.6021289229393005,0.1627548187971115,0.010365454480051994,0.6258693337440491,0.15457478165626526,0.008943965658545494,0.6428590416908264,0.160140261054039,0.007438306696712971,0.6109488010406494,0.14083753526210785,-0.01235649548470974,0.6529768705368042,0.14137177169322968,-0.01668475940823555,0.6722633838653564,0.15219978988170624,-0.014355838298797607,0.683221697807312,0.16200876235961914,-0.012119639664888382,0.6157656908035278,0.16314370930194855,-0.02174464985728264,0.6618024110794067,0.16283810138702393,-0.025696149095892906,0.6838878989219666,0.17056381702423096,-0.021353352814912796,0.6983031034469604,0.1774066537618637,-0.01889764331281185,0.6192139387130737,0.19420045614242554,-0.029177512973546982,0.6630792617797852,0.19251959025859833,-0.03224398195743561,0.6841784715652466,0.19645638763904572,-0.02834113873541355,0.6980848908424377,0.19807401299476624,-0.026774203404784203,0.6207162141799927,0.23006507754325867,-0.03543686866760254,0.6546035408973694,0.2299419343471527,-0.038801297545433044,0.6721217632293701,0.23021380603313446,-0.03664934262633324,0.6849725246429443,0.22837746143341064,-0.035206686705350876,5.696907300000021
0.5703030228614807,0.24369332194328308,0.0,0.5806021690368652,0.19327697157859802,0.011141887865960598,0.6015332341194153,0.1632712334394455,0.011490866541862488,0.6248055100440979,0.15418361127376556,0.010262304916977882,0.6416617631912231,0.15849828720092773,0.009025415405631065,0.611409068107605,0.140305295586586,-0.010646977461874485,0.6528303027153015,0.1410723626613617,-0.014525006525218487,0.6721624135971069,0.15179786086082458,-0.012181902304291725,0.6834335327148438,0.16167014837265015,-0.009975751861929893,0.6159326434135437,0.1625511348247528,-0.020356040447950363,0.6616133451461792,0.16140636801719666,-0.024115577340126038,0.683851420879364,0.16805879771709442,-0.019975053146481514,0.6986052393913269,0.17451192438602448,-0.017637284472584724,0.6193461418151855,0.19387947022914886,-0.028075655922293663,0.6632086038589478,0.19126926362514496,-0.03069937601685524,0.6844395995140076,0.19492176175117493,-0.026602312922477722,0.6985015869140625,0.19656579196453094,-0.024947697296738625,0.6209840774536133,0.23001934587955475,-0.034622419625520706,0.6551464796066284,0.22799895703792572,-0.03740981966257095,0.6729080677032471,0.22771984338760376,-0.03496573120355606,0.6861078143119812,0.2257191687822342,-0.033391501754522324,5.74895939999999
0.5703274607658386,0.24546055495738983,0.0,0.580519437789917,0.1947089284658432,0.011050360277295113,0.601443350315094,0.16421857476234436,0.011291032657027245,0.6245070695877075,0.15429741144180298,0.009860188700258732,0.6414824724197388,0.15716108679771423,0.008425185456871986,0.6122852563858032,0.14231690764427185,-0.010137601755559444,0.6537669897079468,0.13975267112255096,-0.014394396916031837,0.6741836667060852,0.14877355098724365,-0.012767883017659187,0.6864897608757019,0.1589723527431488,-0.011036718264222145,0.616467297077179,0.164729505777359,-0.01985756680369377,0.6619911789894104,0.16257956624031067,-0.02412380836904049,0.6843506097793579,0.16869184374809265,-0.020780617371201515,0.6989428997039795,0.17570510506629944,-0.018873708322644234,0.6198561787605286,0.19591671228408813,-0.027630727738142014,0.663273811340332,0.19272306561470032,-0.030476508662104607,0.6846616268157959,0.19532671570777893,-0.02691962756216526,0.6987801194190979,0.19665849208831787,-0.025591498240828514,0.6216942071914673,0.23171772062778473,-0.03428325802087784,0.655684232711792,0.22985610365867615,-0.03714281693100929,0.6736028790473938,0.22911417484283447,-0.034988883882761,0.6869363784790039,0.22701099514961243,-0.03362816199660301,5.792139700000007
0.5691413879394531,0.2575654089450836,0.0,0.5785064697265625,0.20670363306999207,0.013090474531054497,0.5972813963890076,0.17215588688850403,0.014185055159032345,0.6178690195083618,0.1569949984550476,0.012951643206179142,0.6321789026260376,0.1566716730594635,0.011573338881134987,0.6106380224227905,0.15083247423171997,-0.00750203151255846,0.6526791453361511,0.14909084141254425,-0.011829320341348648,0.6733745336532593,0.15747696161270142,-0.010893451981246471,0.6867287755012512,0.16495288908481598,-0.009867251850664616,0.6145035028457642,0.1714184582233429,-0.018511919304728508,0.6613360047340393,0.17157238721847534,-0.02319130301475525,0.685059130191803,0.1788911372423172,-0.02079017274081707,0.7011665105819702,0.18598204851150513,-0.01968364603817463,0.6181417107582092,0.2013949453830719,-0.027404658496379852,0.6624825596809387,0.20161952078342438,-0.03024219162762165,0.6855499744415283,0.2074700891971588,-0.027021611109375954,0.7012269496917725,0.21036824584007263,-0.0261525921523571,0.620734691619873,0.23605193197727203,-0.03510924428701401,0.6557741761207581,0.23709818720817566,-0.03744172677397728,0.6736683249473572,0.23784540593624115,-0.035171713680028915,0.6872507929801941,0.2358040064573288,-0.034045420587062836,5.826287100000059
0.5661458373069763,0.2594860792160034,0.0,0.578354001045227,0.20889520645141602,0.012524180114269257,0.5982709527015686,0.17668822407722473,0.012896538712084293,0.6201633810997009,0.16434220969676971,0.01145554892718792,0.6354451775550842,0.16506801545619965,0.010207773186266422,0.6089500188827515,0.15308843553066254,-0.011817573569715023,0.6529009938240051,0.1550998091697693,-0.017093347385525703,0.6735463738441467,0.16768628358840942,-0.015764743089675903,0.6857749223709106,0.17797550559043884,-0.014273463748395443,0.6116552352905273,0.17442230880260468,-0.022617628797888756,0.6611610651016235,0.1722107082605362,-0.029857849702239037,0.6861525774002075,0.1811634600162506,-0.02743484266102314,0.7027317881584167,0.18970422446727753,-0.025681667029857635,0.6146948933601379,0.2050289362668991,-0.031024979427456856,0.6614459753036499,0.20366045832633972,-0.03595425933599472,0.6856247186660767,0.2104617953300476,-0.03229564055800438,0.7020624279975891,0.2139432430267334,-0.03042840212583542,0.6169244647026062,0.24125611782073975,-0.03803042322397232,0.6537594795227051,0.24155636131763458,-0.041283030062913895,0.6727221608161926,0.24151337146759033,-0.03853602334856987,0.6874517202377319,0.2391747683286667,-0.036677513271570206,5.8730286999999635
0.564429759979248,0.2650126814842224,0.0,0.5776954889297485,0.21812358498573303,0.012956121936440468,0.5969151258468628,0.18384328484535217,0.012767691165208817,0.6144958734512329,0.16300812363624573,0.009593583643436432,0.6268149018287659,0.15073251724243164,0.006402845028787851,0.6094842553138733,0.1630876362323761,-0.008133103139698505,0.6515470147132874,0.1570950150489807,-0.015680916607379913,0.6733379364013672,0.1681147962808609,-0.017411010339856148,0.6867070198059082,0.179930180311203,-0.01806367002427578,0.6110836267471313,0.18194575607776642,-0.020712213590741158,0.6590065360069275,0.1772056668996811,-0.029666410759091377,0.6850191354751587,0.1867642104625702,-0.030088849365711212,0.7020832300186157,0.19641053676605225,-0.030523737892508507,0.6129840016365051,0.21075323224067688,-0.03134475275874138,0.6584183573722839,0.20917987823486328,-0.03802316635847092,0.6834275126457214,0.21728834509849548,-0.03607140854001045,0.7003297805786133,0.22244898974895477,-0.03551536053419113,0.6144363284111023,0.24447110295295715,-0.040830545127391815,0.6501744389533997,0.24823909997940063,-0.04534248635172844,0.6683106422424316,0.2510887086391449,-0.04345482215285301,0.6819072961807251,0.25117596983909607,-0.04252989962697029,5.9203611000000365
0.5611714720726013,0.283127099275589,0.0,0.577810525894165,0.23690161108970642,0.00623910129070282,0.602470874786377,0.20614497363567352,0.0018558523152023554,0.6261529326438904,0.19764167070388794,-0.003912538755685091,0.6436050534248352,0.20275403559207916,-0.009428571909666061,0.606283962726593,0.1806914061307907,-0.022805124521255493,0.6506034135818481,0.17618392407894135,-0.03448928892612457,0.6720950603485107,0.18727968633174896,-0.0363176204264164,0.6867029666900635,0.19678877294063568,-0.036341506987810135,0.6030629277229309,0.2023564577102661,-0.03310538828372955,0.651987612247467,0.20273466408252716,-0.04681716859340668,0.676921546459198,0.21421153843402863,-0.04535572975873947,0.6938714981079102,0.2235065996646881,-0.04359348863363266,0.6007806062698364,0.23330865800380707,-0.041597552597522736,0.6450933814048767,0.23642858862876892,-0.05378928408026695,0.6700302958488464,0.246097132563591,-0.0501394085586071,0.6872346997261047,0.25132787227630615,-0.04676073044538498,0.5991363525390625,0.26728662848472595,-0.049232516437768936,0.6319884061813354,0.27384811639785767,-0.057660240679979324,0.650463342666626,0.2776390314102173,-0.055473461747169495,0.6644785404205322,0.2792697548866272,-0.053081877529621124,5.965572599999973
0.5558923482894897,0.29628533124923706,0.0,0.5775801539421082,0.2518097162246704,0.006764564197510481,0.6041920781135559,0.22508294880390167,0.0013021513586863875,0.6276043057441711,0.2191251963376999,-0.006718836724758148,0.6435667276382446,0.22156798839569092,-0.014765484258532524,0.6028859615325928,0.20068524777889252,-0.02291886694729328,0.6454964876174927,0.19387242197990417,-0.03738197311758995,0.6662628054618835,0.20752134919166565,-0.041943009942770004,0.6801049113273621,0.2208196371793747,-0.043836046010255814,0.5969710350036621,0.22052766382694244,-0.03532765060663223,0.6409600973129272,0.21779999136924744,-0.0522337481379509,0.6648487448692322,0.22964248061180115,-0.05340174213051796,0.680577278137207,0.23977379500865936,-0.05328897386789322,0.5911557078361511,0.2482733130455017,-0.046145930886268616,0.6303851008415222,0.24770019948482513,-0.06128830090165138,0.6545023918151855,0.2555410861968994,-0.05925658717751503,0.6714410185813904,0.2610689401626587,-0.056810781359672546,0.5861620903015137,0.27943265438079834,-0.05615042895078659,0.6140378713607788,0.28514841198921204,-0.06681733578443527,0.6308981776237488,0.2886882424354553,-0.06540054082870483,0.6439486145973206,0.29093971848487854,-0.06347329169511795,6.009698800000024
0.5503624677658081,0.30908527970314026,0.0,0.5822147130966187,0.28163114190101624,0.007118788547813892,0.6113365888595581,0.2562107741832733,0.0008065755246207118,0.6355814337730408,0.24862895905971527,-0.00853225588798523,0.653186559677124,0.24358119070529938,-0.01853211596608162,0.5999113917350769,0.22537080943584442,-0.025010226294398308,0.6409114003181458,0.22090083360671997,-0.04152282699942589,0.6556597352027893,0.23369543254375458,-0.04747014865279198,0.6628026366233826,0.2427302598953247,-0.050672248005867004,0.5913206934928894,0.24277272820472717,-0.03915286064147949,0.6303660273551941,0.23863764107227325,-0.058661915361881256,0.6491889953613281,0.24633166193962097,-0.0623268187046051,0.6612949371337891,0.2507607042789459,-0.06421180069446564,0.5813214778900146,0.2675626575946808,-0.05170261859893799,0.6154149174690247,0.2660983204841614,-0.06991773843765259,0.6351456642150879,0.2698507308959961,-0.07115660607814789,0.6490026116371155,0.2711297869682312,-0.07114946097135544,0.5723685622215271,0.29849231243133545,-0.06317544728517532,0.5927695035934448,0.3036472797393799,-0.07743370532989502,0.6053361296653748,0.302460253238678,-0.0790635272860527,0.6149169206619263,0.29942914843559265,-0.07942761480808258,6.046688300000028
0.5502116084098816,0.3427044153213501,0.0,0.5862096548080444,0.34413158893585205,0.0007123099640011787,0.6119216680526733,0.32350635528564453,-0.006704108789563179,0.6318246722221375,0.30902260541915894,-0.016417652368545532,0.6511190533638,0.2978413999080658,-0.02668137475848198,0.5948731303215027,0.2598920464515686,-0.019350610673427582,0.6215813755989075,0.2536792755126953,-0.03466322645545006,0.6366754174232483,0.2591187357902527,-0.04187823832035065,0.6489385366439819,0.26403799653053284,-0.04615006968379021,0.5835845470428467,0.2652400732040405,-0.029764370992779732,0.6085323691368103,0.25687670707702637,-0.046429142355918884,0.6245720982551575,0.2631498873233795,-0.05045434460043907,0.6370360255241394,0.26708874106407166,-0.05268152430653572,0.5717635154724121,0.280991792678833,-0.04006602615118027,0.5927278995513916,0.2767603099346161,-0.055675193667411804,0.6078267097473145,0.2783852219581604,-0.0563950277864933,0.6195226907730103,0.2795192003250122,-0.05626261234283447,0.56247878074646,0.3070670962333679,-0.05044909194111824,0.5760035514831543,0.30702364444732666,-0.06384861469268799,0.5873161554336548,0.30366644263267517,-0.06575099378824234,0.59684818983078,0.2997010052204132,-0.0661284551024437,6.087455900000009
0.4531571865081787,0.5719649195671082,0.0,0.4269392788410187,0.5385932922363281,-0.0025578560307621956,0.40166276693344116,0.5323362350463867,-0.013680251315236092,0.38531723618507385,0.5496839880943298,-0.024775929749011993,0.378845751285553,0.5662620067596436,-0.03663438931107521,0.39165425300598145,0.5654394030570984,-0.04001973941922188,0.36802417039871216,0.5923724174499512,-0.062271736562252045,0.34818458557128906,0.6034606099128723,-0.0757363960146904,0.33144786953926086,0.6148027181625366,-0.08433263003826141,0.4055842459201813,0.5774006843566895,-0.04861259087920189,0.3867610692977905,0.5892050862312317,-0.07189586758613586,0.3711051940917969,0.5922210812568665,-0.07994883507490158,0.35761672258377075,0.5966541767120361,-0.08569034188985825,0.42522308230400085,0.5833737254142761,-0.05573727935552597,0.4127624034881592,0.5897043347358704,-0.07666505873203278,0.4046635627746582,0.5926763415336609,-0.0790005773305893,0.3970560133457184,0.5963632464408875,-0.07985953241586685,0.4462832510471344,0.5851523280143738,-0.06250842660665512,0.44510337710380554,0.5907073616981506,-0.07941189408302307,0.4410746991634369,0.5925852060317993,-0.08155574649572372,0.43608972430229187,0.5937792658805847,-0.08210118860006332,6.284765500000049
0.3973448574542999,0.6297923922538757,0.0,0.4092022180557251,0.6439810395240784,-0.036459289491176605,0.4086604714393616,0.6619331240653992,-0.06249420344829559,0.40059059858322144,0.6763589382171631,-0.08084718883037567,0.39272475242614746,0.6800029277801514,-0.09898068010807037,0.381865531206131,0.6630097031593323,-0.08095820248126984,0.3655964732170105,0.698731005191803,-0.10587965697050095,0.3527531623840332,0.7173593640327454,-0.1183316707611084,0.3410872519016266,0.7331867218017578,-0.12639270722866058,0.360358864068985,0.6541566252708435,-0.07130108773708344,0.3300210237503052,0.688249409198761,-0.102774478495121,0.3007774353027344,0.7065171599388123,-0.12045639008283615,0.2781997621059418,0.7215901613235474,-0.1331617534160614,0.34544849395751953,0.6501073837280273,-0.059872452169656754,0.31502458453178406,0.6785292029380798,-0.08563720434904099,0.29183053970336914,0.6989043951034546,-0.1021716520190239,0.27231934666633606,0.7167118787765503,-0.11327879130840302,0.3349093198776245,0.6455000042915344,-0.04928087070584297,0.31121310591697693,0.6668215990066528,-0.06703650206327438,0.2951001524925232,0.6812689900398254,-0.07943118363618851,0.2812323272228241,0.6935964822769165,-0.08935381472110748,6.368965799999955
0.37745532393455505,0.6032739281654358,0.0,0.39870867133140564,0.644631564617157,-0.027226993814110756,0.4082477390766144,0.687830924987793,-0.050148580223321915,0.41902828216552734,0.7214454412460327,-0.06730574369430542,0.4328104257583618,0.7459539175033569,-0.08525275439023972,0.37942788004875183,0.685815691947937,-0.06938682496547699,0.3590189516544342,0.724480390548706,-0.08927202969789505,0.3437962830066681,0.7454215288162231,-0.09941661357879639,0.3281984329223633,0.7592080235481262,-0.10654427856206894,0.356929212808609,0.6671518087387085,-0.06280504912137985,0.32652297616004944,0.7108423113822937,-0.08601114898920059,0.3006756007671356,0.7394058704376221,-0.09902108460664749,0.27857229113578796,0.7561628222465515,-0.10937892645597458,0.34179896116256714,0.6556700468063354,-0.053808532655239105,0.31117454171180725,0.6970504522323608,-0.0723736509680748,0.28828027844429016,0.7204291820526123,-0.0858633890748024,0.2677954435348511,0.7337947487831116,-0.09573466330766678,0.33110561966896057,0.6480810642242432,-0.045192841440439224,0.30862557888031006,0.6829286217689514,-0.05797291919589043,0.29249337315559387,0.7045851945877075,-0.06787276268005371,0.27754488587379456,0.7176041007041931,-0.07645636796951294,6.4088182000000415
0.3761352002620697,0.6174265742301941,0.0,0.3960646986961365,0.6499144434928894,-0.031360819935798645,0.4081685543060303,0.7015857100486755,-0.05901872366666794,0.4259541630744934,0.7474522590637207,-0.07956045120954514,0.4455239474773407,0.7725724577903748,-0.1001344844698906,0.38171783089637756,0.6897032856941223,-0.08957809209823608,0.3623126447200775,0.7256700396537781,-0.11974339932203293,0.34515368938446045,0.7509505748748779,-0.1357630342245102,0.3254845142364502,0.7683194875717163,-0.14638890326023102,0.3548162579536438,0.68023282289505,-0.08340849727392197,0.3234250247478485,0.7126052379608154,-0.12192212045192719,0.29697877168655396,0.741543173789978,-0.14049997925758362,0.27101659774780273,0.7637872099876404,-0.15348504483699799,0.3359270691871643,0.67144376039505,-0.07414299994707108,0.30571362376213074,0.703646183013916,-0.10642649233341217,0.2821935713291168,0.7324590086936951,-0.12170090526342392,0.25987234711647034,0.75447678565979,-0.13044168055057526,0.32438328862190247,0.6646931767463684,-0.0648261085152626,0.30073440074920654,0.699410617351532,-0.08677128702402115,0.28281813859939575,0.7195737361907959,-0.09862963855266571,0.2646087408065796,0.7318599224090576,-0.1073172390460968,6.442586099999971
0.37394067645072937,0.6239984631538391,0.0,0.39680299162864685,0.6608994007110596,-0.03190864995121956,0.41111186146736145,0.7185086011886597,-0.06117687374353409,0.43206846714019775,0.7639971375465393,-0.08308170735836029,0.45716458559036255,0.7851240038871765,-0.1050901934504509,0.3821312189102173,0.7002936601638794,-0.0958239957690239,0.36013200879096985,0.7313792109489441,-0.12752987444400787,0.3433748185634613,0.7513095736503601,-0.14389631152153015,0.32337722182273865,0.7670199275016785,-0.15497252345085144,0.3528881072998047,0.6883866786956787,-0.08966947346925735,0.31770238280296326,0.7177945375442505,-0.13067620992660522,0.29225265979766846,0.7436319589614868,-0.1488548070192337,0.26564040780067444,0.7640369534492493,-0.1618707925081253,0.3320765495300293,0.6766173839569092,-0.07966741174459457,0.29889145493507385,0.7105563282966614,-0.11176299303770065,0.2746802270412445,0.7392081022262573,-0.12473044544458389,0.2504086196422577,0.7613722085952759,-0.13264530897140503,0.31895607709884644,0.6687849164009094,-0.06979135423898697,0.29390987753868103,0.707020103931427,-0.09133440256118774,0.2754899263381958,0.7325759530067444,-0.10214067250490189,0.25589656829833984,0.7489426136016846,-0.11038951575756073,6.482340000000022
0.37207677960395813,0.6301173567771912,0.0,0.39555320143699646,0.6721675395965576,-0.03872842341661453,0.408352792263031,0.7295648455619812,-0.07211944460868835,0.4294623136520386,0.7690295577049255,-0.09621576964855194,0.4561493694782257,0.7897541522979736,-0.12021280080080032,0.37793025374412537,0.7012520432472229,-0.11307558417320251,0.3566393554210663,0.7337295413017273,-0.1522964984178543,0.339700311422348,0.7555224895477295,-0.1740545928478241,0.3194241523742676,0.7733995914459229,-0.18843701481819153,0.3488526940345764,0.6908137798309326,-0.1033843383193016,0.3149468004703522,0.7187960147857666,-0.1515701860189438,0.28760671615600586,0.74538654088974,-0.17332211136817932,0.25830546021461487,0.7664744257926941,-0.1891268640756607,0.3287845253944397,0.6829674243927002,-0.08936426788568497,0.2966409921646118,0.7108551859855652,-0.12550035119056702,0.26985183358192444,0.738673985004425,-0.139874666929245,0.24281516671180725,0.7614414691925049,-0.14902879297733307,0.31579792499542236,0.6782082319259644,-0.07590653747320175,0.28965288400650024,0.7109473347663879,-0.1001364216208458,0.2688102126121521,0.7355257272720337,-0.11292243748903275,0.24704977869987488,0.7531211972236633,-0.1228901743888855,6.516822300000058
0.36883991956710815,0.6274793744087219,0.0,0.3961735665798187,0.6667695045471191,-0.02742401324212551,0.41119760274887085,0.7251470685005188,-0.05299314856529236,0.4292549788951874,0.7650156617164612,-0.07343199104070663,0.45473992824554443,0.7839823961257935,-0.09376363456249237,0.37419989705085754,0.7003985643386841,-0.07911506295204163,0.3530401289463043,0.735700786113739,-0.10560016334056854,0.33648204803466797,0.7552240490913391,-0.11753721535205841,0.31827518343925476,0.7722144722938538,-0.12514066696166992,0.3444879353046417,0.6891229748725891,-0.07507676631212234,0.3097405433654785,0.7250438332557678,-0.10665071755647659,0.28424975275993347,0.7485129833221436,-0.11826805770397186,0.2584736943244934,0.7654500007629395,-0.12700016796588898,0.32401129603385925,0.6814084649085999,-0.06808946281671524,0.2911948561668396,0.7206048965454102,-0.09249630570411682,0.2660028338432312,0.7443193793296814,-0.09981916844844818,0.24127346277236938,0.7638675570487976,-0.10475427657365799,0.311801552772522,0.6794069409370422,-0.0618344247341156,0.28755518794059753,0.7179396748542786,-0.07723203301429749,0.26829826831817627,0.7404130697250366,-0.08323632925748825,0.2476668655872345,0.7573270797729492,-0.08828173577785492,6.555081599999994
0.37182244658470154,0.6132388114929199,0.0,0.39855316281318665,0.65278559923172,-0.027245258912444115,0.41434112191200256,0.7112909555435181,-0.052638813853263855,0.43401625752449036,0.7488686442375183,-0.07275184243917465,0.4613921046257019,0.7653459310531616,-0.09247349202632904,0.3775486350059509,0.6898502707481384,-0.0752914622426033,0.35320818424224854,0.723994791507721,-0.09998109936714172,0.3355478048324585,0.7431507110595703,-0.11098281294107437,0.31764525175094604,0.7623478174209595,-0.11792539805173874,0.3487149178981781,0.6772212982177734,-0.0703282505273819,0.3103649914264679,0.7212377190589905,-0.09876065701246262,0.2850911021232605,0.7471160888671875,-0.10909105092287064,0.26059502363204956,0.7695568799972534,-0.11707160621881485,0.3285858631134033,0.6707727909088135,-0.06252660602331161,0.29352664947509766,0.7199482321739197,-0.08329535275697708,0.2688382863998413,0.7460281252861023,-0.08892109245061874,0.244795560836792,0.7688869833946228,-0.09319718927145004,0.31625786423683167,0.6723712682723999,-0.055629510432481766,0.29137247800827026,0.7177934050559998,-0.06793283671140671,0.27234458923339844,0.7437103390693665,-0.07235800474882126,0.2523060142993927,0.7638382911682129,-0.07654262334108353,6.588998599999968
0.37402087450027466,0.6028103828430176,0.0,0.4010728895664215,0.6375787854194641,-0.028766963630914688,0.41823050379753113,0.69833904504776,-0.055375248193740845,0.4382322132587433,0.7395746111869812,-0.07654178887605667,0.46706435084342957,0.7572081685066223,-0.09743146598339081,0.38484519720077515,0.6764530539512634,-0.07991482317447662,0.36039549112319946,0.7078058123588562,-0.10760948807001114,0.3419610857963562,0.724314272403717,-0.1203404888510704,0.32264965772628784,0.741948127746582,-0.12824220955371857,0.3550959527492523,0.6672770977020264,-0.07496300339698792,0.31684574484825134,0.7116155028343201,-0.10659737139940262,0.2917741537094116,0.7373855710029602,-0.11856695264577866,0.2665107846260071,0.7602741122245789,-0.1276509016752243,0.33403581380844116,0.6634352803230286,-0.06723052263259888,0.2996857166290283,0.713361918926239,-0.09119502454996109,0.27532464265823364,0.7401838898658752,-0.09818919003009796,0.2508758008480072,0.7646045088768005,-0.10312448441982269,0.3205336332321167,0.6676833033561707,-0.06028909236192703,0.2961634397506714,0.7139638066291809,-0.07465209066867828,0.27767059206962585,0.7392047047615051,-0.0799044668674469,0.2569134831428528,0.7594181895256042,-0.0847117230296135,6.6291691999999784
0.37970420718193054,0.5929595232009888,0.0,0.40692445635795593,0.6267648935317993,-0.02633371204137802,0.4263661503791809,0.6863023638725281,-0.05051710456609726,0.44615715742111206,0.7276642322540283,-0.07017811387777328,0.4742026925086975,0.7425129413604736,-0.08943825960159302,0.392792671918869,0.6575284004211426,-0.07234325259923935,0.3689597249031067,0.6834129691123962,-0.09761009365320206,0.3507254123687744,0.6983007192611694,-0.10749557614326477,0.3333502411842346,0.713037371635437,-0.11284546554088593,0.363972932100296,0.6498543620109558,-0.06893185526132584,0.3274567723274231,0.6950159072875977,-0.09526362270116806,0.30445629358291626,0.7224023938179016,-0.10353393852710724,0.28237661719322205,0.7475323677062988,-0.11030852794647217,0.342552125453949,0.6487207412719727,-0.06346035748720169,0.30993837118148804,0.6998076438903809,-0.08588859438896179,0.28731459379196167,0.7276967167854309,-0.0918644443154335,0.266132652759552,0.7524959444999695,-0.09575653076171875,0.3287246525287628,0.6563748121261597,-0.058650534600019455,0.30381664633750916,0.7028270959854126,-0.07257654517889023,0.2862432897090912,0.7261046767234802,-0.07731781154870987,0.2677939534187317,0.7462418079376221,-0.08152757585048676,6.663378599999987
0.3858897089958191,0.579277515411377,0.0,0.41276395320892334,0.6099483370780945,-0.029438413679599762,0.43361133337020874,0.66277676820755,-0.053920306265354156,0.4554758667945862,0.6982980966567993,-0.07268347591161728,0.4855508804321289,0.715696394443512,-0.09086699038743973,0.403425931930542,0.6307020783424377,-0.07565578073263168,0.38069653511047363,0.6647287011146545,-0.09889543801546097,0.36487266421318054,0.6801590323448181,-0.10584618896245956,0.35022586584091187,0.6950563788414001,-0.10861179977655411,0.3764815926551819,0.6251760721206665,-0.0683421939611435,0.34153181314468384,0.6788116097450256,-0.09054753929376602,0.3212743401527405,0.7056055068969727,-0.09362351149320602,0.3032800257205963,0.7310623526573181,-0.0963924378156662,0.3553540110588074,0.6283171772956848,-0.059016041457653046,0.32524579763412476,0.6834046840667725,-0.07719484716653824,0.30644404888153076,0.7114426493644714,-0.07859937101602554,0.29007232189178467,0.7370454668998718,-0.07941757142543793,0.340562105178833,0.6390809416770935,-0.050803687423467636,0.3182481825351715,0.6845805048942566,-0.061341792345047,0.3034534752368927,0.709357738494873,-0.06354613602161407,0.2893524169921875,0.7306420803070068,-0.0656689703464508,6.701623300000051
0.39140915870666504,0.5704103708267212,0.0,0.41845396161079407,0.5920153856277466,-0.021380092948675156,0.4411068558692932,0.6204583048820496,-0.042689207941293716,0.4652375280857086,0.6413924098014832,-0.06070413812994957,0.4907997250556946,0.6573328375816345,-0.07844021171331406,0.41502106189727783,0.594223141670227,-0.06271381676197052,0.3996675908565521,0.6152167320251465,-0.08238305151462555,0.38849374651908875,0.6323994994163513,-0.08923985809087753,0.37910589575767517,0.6528728604316711,-0.09247205406427383,0.38972705602645874,0.5973402857780457,-0.0589335635304451,0.3627922534942627,0.645498514175415,-0.08051011711359024,0.34780433773994446,0.6778591275215149,-0.08654815703630447,0.3365948796272278,0.7103240489959717,-0.09090559929609299,0.3699037432670593,0.6101899743080139,-0.052371371537446976,0.3464725613594055,0.6657965183258057,-0.06896279007196426,0.33182623982429504,0.7016271352767944,-0.07148004323244095,0.319545716047287,0.7332614064216614,-0.07314541190862656,0.3557824492454529,0.6331251263618469,-0.04623518884181976,0.3385476768016815,0.6837412118911743,-0.05391576141119003,0.32837751507759094,0.7135910987854004,-0.055203620344400406,0.31845569610595703,0.7373586297035217,-0.05719398707151413,6.740704100000016
0.4970942735671997,0.37360936403274536,0.0,0.5241764187812805,0.3353036344051361,0.001040882896631956,0.5574686527252197,0.3267832398414612,-0.007340296171605587,0.5847018361091614,0.3445499837398529,-0.01643393002450466,0.6002612113952637,0.36289939284324646,-0.0256130862981081,0.5465288162231445,0.30615735054016113,-0.030158253386616707,0.5831990242004395,0.3325121998786926,-0.04396717622876167,0.6011923551559448,0.35685306787490845,-0.04940439388155937,0.6130555272102356,0.3731638789176941,-0.05255688354372978,0.5349621772766113,0.33895882964134216,-0.039320919662714005,0.5720705986022949,0.3733690083026886,-0.054356787353754044,0.5940992832183838,0.39504164457321167,-0.05661838874220848,0.608881950378418,0.4073648154735565,-0.05866155028343201,0.5237912535667419,0.3749779462814331,-0.046530842781066895,0.5571929812431335,0.4073553681373596,-0.05882146954536438,0.5796430110931396,0.42891716957092285,-0.0574335977435112,0.5952077507972717,0.4401406943798065,-0.05710209161043167,0.5146011710166931,0.4080825746059418,-0.05327512323856354,0.5383192300796509,0.43786272406578064,-0.06287183612585068,0.5541964769363403,0.45418357849121094,-0.06206301227211952,0.5660903453826904,0.46417567133903503,-0.061518121510744095,6.95255910000003
0.5015389919281006,0.3616895079612732,0.0,0.5214727520942688,0.31928175687789917,0.0021376139484345913,0.5482678413391113,0.3043491244316101,-0.004922004882246256,0.5717008113861084,0.30660688877105713,-0.012608124874532223,0.5888843536376953,0.31528323888778687,-0.0205285232514143,0.5512988567352295,0.2858179211616516,-0.023827794939279556,0.5842005610466003,0.29831451177597046,-0.035968389362096786,0.6064309477806091,0.3090783655643463,-0.04206760227680206,0.6230593323707581,0.31947576999664307,-0.045715466141700745,0.5472419857978821,0.3097318410873413,-0.031859029084444046,0.5860326290130615,0.3356544077396393,-0.04402903467416763,0.6110345721244812,0.34966373443603516,-0.04746101796627045,0.6300088167190552,0.3582824468612671,-0.05053000524640083,0.5425978899002075,0.34111613035202026,-0.03832073137164116,0.5796899795532227,0.3690608739852905,-0.04771805554628372,0.6024711728096008,0.38387957215309143,-0.04834297299385071,0.6192880868911743,0.39165279269218445,-0.04969068616628647,0.5368691682815552,0.37244266271591187,-0.04426468163728714,0.5646349787712097,0.3992946147918701,-0.051241714507341385,0.5804847478866577,0.41194912791252136,-0.05109129473567009,0.5933205485343933,0.41863900423049927,-0.05149732530117035,6.994123700000046
0.511498212814331,0.34805259108543396,0.0,0.5318620204925537,0.3068539798259735,0.01016488391906023,0.5561692118644714,0.2828267514705658,0.011817892082035542,0.5742664337158203,0.2643429636955261,0.010479285381734371,0.5888970494270325,0.24888116121292114,0.009163985960185528,0.5639851689338684,0.26526689529418945,0.008238431997597218,0.5871572494506836,0.26639145612716675,0.006043244618922472,0.6036441922187805,0.2655732035636902,0.004358677659183741,0.6173461079597473,0.2621508240699768,0.0034049616660922766,0.5682344436645508,0.28032082319259644,-0.0004957989440299571,0.5952266454696655,0.2877489924430847,-0.0020451475866138935,0.6155484318733215,0.2866151034832001,-0.0032517972867935896,0.6333745121955872,0.28192558884620667,-0.004988147411495447,0.5715263485908508,0.30124592781066895,-0.00892359297722578,0.6014851927757263,0.31159698963165283,-0.009941880591213703,0.6206921339035034,0.31529274582862854,-0.009882948361337185,0.6362579464912415,0.3156845271587372,-0.011072637513279915,0.5723893046379089,0.3243785500526428,-0.016995538026094437,0.5981528162956238,0.3341998755931854,-0.018367135897278786,0.6156907677650452,0.3410179018974304,-0.017938340082764626,0.6315506100654602,0.34508752822875977,-0.01815611496567726,7.026601199999959
0.5202912092208862,0.332317054271698,0.0,0.5415992140769958,0.2933901250362396,0.011244259774684906,0.5660229921340942,0.269866943359375,0.013245456852018833,0.5847125053405762,0.25442004203796387,0.0121543500572443,0.6001136302947998,0.24291248619556427,0.011169297620654106,0.5729918479919434,0.24952423572540283,0.009108652360737324,0.5983647704124451,0.25728127360343933,0.007461911998689175,0.6145711541175842,0.26185107231140137,0.006271780468523502,0.6269267201423645,0.25961577892303467,0.005596079397946596,0.576950192451477,0.2622235119342804,0.00019207745208404958,0.6058458685874939,0.2753492295742035,-0.0013489981647580862,0.6247309446334839,0.2771416902542114,-0.002334531396627426,0.6402179598808289,0.27195197343826294,-0.0037181079387664795,0.580116331577301,0.28150027990341187,-0.00819404423236847,0.611647367477417,0.29263532161712646,-0.009126045741140842,0.6299075484275818,0.29592928290367126,-0.008554896339774132,0.6442068219184875,0.2934194505214691,-0.009287121705710888,0.5811997056007385,0.3037826716899872,-0.016052665188908577,0.6096504330635071,0.31234076619148254,-0.01750371977686882,0.6299074292182922,0.31723079085350037,-0.016816072165966034,0.6478427648544312,0.3180925250053406,-0.016675088554620743,7.07462529999998
0.5290965437889099,0.3140256702899933,0.0,0.5477529168128967,0.2689158022403717,0.01258180383592844,0.5713984370231628,0.2472178041934967,0.01574646309018135,0.5895664691925049,0.23353421688079834,0.015659194439649582,0.6045169234275818,0.22366902232170105,0.015463657677173615,0.5809419751167297,0.2313843071460724,0.010695339180529118,0.6064996123313904,0.23642626404762268,0.009986146353185177,0.623677134513855,0.24142922461032867,0.009426135569810867,0.6365681290626526,0.24086922407150269,0.009210770949721336,0.5864136219024658,0.24675020575523376,0.0014695695135742426,0.6145899891853333,0.2552383840084076,0.0011958652175962925,0.6340258121490479,0.2559051811695099,0.0009270062437281013,0.6493943333625793,0.2503888010978699,2.3519933165516704e-05,0.5904558300971985,0.26803290843963623,-0.0071337115950882435,0.6212656497955322,0.27373114228248596,-0.006939452141523361,0.6401673555374146,0.2740932106971741,-0.00598866306245327,0.6547199487686157,0.2701994776725769,-0.006593457888811827,0.5918115377426147,0.29117920994758606,-0.015154511667788029,0.6200364232063293,0.29771849513053894,-0.015956705436110497,0.6404335498809814,0.3008643388748169,-0.015123785473406315,0.658316969871521,0.30030113458633423,-0.014905202202498913,7.10749850000002
0.5405386686325073,0.29768580198287964,0.0,0.5557665824890137,0.24767354130744934,0.00914971437305212,0.5786764621734619,0.22095930576324463,0.010261181741952896,0.5972320437431335,0.20523878931999207,0.009194856509566307,0.6125184297561646,0.19589456915855408,0.008275389671325684,0.5886152982711792,0.2073344886302948,0.0036890432238578796,0.6131875514984131,0.20456016063690186,0.002842121524736285,0.6282644867897034,0.20214462280273438,0.0032710700761526823,0.6403031945228577,0.19640260934829712,0.0039020359981805086,0.5944603681564331,0.22489629685878754,-0.0035614788066595793,0.6228414177894592,0.22908373177051544,-0.003384445793926716,0.6423213481903076,0.22822612524032593,-0.0018117359140887856,0.6574515700340271,0.221085786819458,-0.0014565876917913556,0.5993267893791199,0.24859210848808289,-0.01005818136036396,0.6302500367164612,0.25350165367126465,-0.009438795037567616,0.6487294435501099,0.2543565034866333,-0.006811953615397215,0.661766767501831,0.24969585239887238,-0.0062174429185688496,0.6015644073486328,0.27270588278770447,-0.0161436814814806,0.6280003190040588,0.27575603127479553,-0.015578672289848328,0.6429135203361511,0.2769007086753845,-0.013118065893650055,0.6544444561004639,0.2739364504814148,-0.011878352612257004,7.146572200000037
0.5494931936264038,0.277376264333725,0.0,0.5632497072219849,0.22583509981632233,0.011325771920382977,0.5842345952987671,0.19500219821929932,0.013329800218343735,0.6017324328422546,0.1735127568244934,0.01288490928709507,0.6145632863044739,0.16071483492851257,0.012554237619042397,0.5939084887504578,0.17883837223052979,0.005148633383214474,0.6204982399940491,0.17799769341945648,0.004547558259218931,0.6320119500160217,0.1799016296863556,0.005704848095774651,0.6383379697799683,0.17847999930381775,0.0069383843801915646,0.6015858054161072,0.19586113095283508,-0.0033830851316452026,0.6311854720115662,0.19850516319274902,-0.002677363809198141,0.6508277058601379,0.1967419534921646,-0.0008417684584856033,0.6655216217041016,0.1925084888935089,-0.0006457175477407873,0.6077957153320312,0.2204982042312622,-0.01101906318217516,0.6398190855979919,0.22092501819133759,-0.010030439123511314,0.6594894528388977,0.21939080953598022,-0.007424419280141592,0.6738861799240112,0.21468901634216309,-0.007214454002678394,0.611463725566864,0.24785123765468597,-0.018042171373963356,0.6401422619819641,0.24941393733024597,-0.018556933850049973,0.6584498286247253,0.2503977119922638,-0.016633369028568268,0.6740994453430176,0.24800527095794678,-0.01566331461071968,7.181679199999962
0.5568509101867676,0.2577928304672241,0.0,0.5697423815727234,0.2054280936717987,0.013232199475169182,0.5913701057434082,0.18056529760360718,0.014601181261241436,0.6132364273071289,0.17228145897388458,0.013830697163939476,0.6290369033813477,0.17304372787475586,0.012787296436727047,0.5982091426849365,0.15879906713962555,-0.003251520683988929,0.6301343441009521,0.16052448749542236,-0.005838573444634676,0.6471142768859863,0.16287383437156677,-0.0050028664991259575,0.6585944294929504,0.1641160547733307,-0.0039381044916808605,0.6044703722000122,0.1778607964515686,-0.013399449177086353,0.6419331431388855,0.17460525035858154,-0.016557546332478523,0.6666145324707031,0.17437244951725006,-0.015754153952002525,0.6855546236038208,0.1734868586063385,-0.015699313953518867,0.6099172830581665,0.20683841407299042,-0.02167576365172863,0.6484600901603699,0.20071721076965332,-0.023611675947904587,0.6713752150535583,0.20042061805725098,-0.022009573876857758,0.6883728504180908,0.19688618183135986,-0.022009247913956642,0.6131424307823181,0.23863036930561066,-0.02858566865324974,0.644665002822876,0.23578305542469025,-0.02952910028398037,0.6621443629264832,0.23554621636867523,-0.02726820856332779,0.6764582991600037,0.2327042520046234,-0.026217591017484665,7.219883500000037
0.5637995004653931,0.24751503765583038,0.0,0.5753559470176697,0.1976635456085205,0.0119426678866148,0.5971999168395996,0.17017845809459686,0.01174615602940321,0.6207603216171265,0.16153430938720703,0.009687419049441814,0.6379746198654175,0.16440507769584656,0.007354800123721361,0.6022937893867493,0.14568087458610535,-0.009949089027941227,0.6405207514762878,0.14356711506843567,-0.014337594620883465,0.6612656712532043,0.14842510223388672,-0.013979412615299225,0.6746704578399658,0.15392936766147614,-0.013366521336138248,0.6073375940322876,0.1659003347158432,-0.02014462649822235,0.6502121686935425,0.16149863600730896,-0.024314556270837784,0.6762905120849609,0.1637614518404007,-0.022969158366322517,0.6950136423110962,0.16696301102638245,-0.02295777201652527,0.6118123531341553,0.19664739072322845,-0.028150154277682304,0.654472291469574,0.18997283279895782,-0.03067820891737938,0.6782360672950745,0.1919095516204834,-0.02859925851225853,0.6947782039642334,0.19206318259239197,-0.028700554743409157,0.6147006750106812,0.23092342913150787,-0.034788601100444794,0.6479071378707886,0.22847984731197357,-0.03672384098172188,0.6661165952682495,0.2299211174249649,-0.034560445696115494,0.6803492903709412,0.22925183176994324,-0.0337645560503006,7.252422300000035
0.5662000179290771,0.24113529920578003,0.0,0.5766676664352417,0.1937648206949234,0.010465985164046288,0.597685694694519,0.16411718726158142,0.010030523873865604,0.6200616359710693,0.15423549711704254,0.007783318404108286,0.6367883682250977,0.15586034953594208,0.005418664775788784,0.6048462390899658,0.14149847626686096,-0.010367071256041527,0.6451712250709534,0.13855908811092377,-0.01587025448679924,0.6652451157569885,0.1455880105495453,-0.01526592019945383,0.6774259805679321,0.1539091318845749,-0.014109872281551361,0.6094885468482971,0.16283753514289856,-0.02049138955771923,0.655148983001709,0.15802516043186188,-0.02622945047914982,0.6795793175697327,0.16253477334976196,-0.02414591982960701,0.696295440196991,0.16768163442611694,-0.02299778163433075,0.6132561564445496,0.19384661316871643,-0.02881493605673313,0.657463788986206,0.18749262392520905,-0.03333091363310814,0.6801934838294983,0.18909287452697754,-0.030556906014680862,0.6955100297927856,0.18915370106697083,-0.02941819280385971,0.6151390671730042,0.2290305197238922,-0.036030177026987076,0.6486031413078308,0.22546081244945526,-0.03954247757792473,0.6665520071983337,0.22491641342639923,-0.037371497601270676,0.6798851490020752,0.22325672209262848,-0.03599570319056511,7.2956243999999515
0.5676653385162354,0.24071075022220612,0.0,0.5761957168579102,0.19164018332958221,0.011279403232038021,0.5963375568389893,0.16122505068778992,0.011521441861987114,0.6187448501586914,0.15017446875572205,0.009936929680407047,0.6354542374610901,0.15185502171516418,0.008057881146669388,0.6062613129615784,0.13999085128307343,-0.010286577977240086,0.6470963954925537,0.13532289862632751,-0.015089413151144981,0.6680723428726196,0.140046164393425,-0.013955389149487019,0.6812718510627747,0.14747363328933716,-0.01257816981524229,0.6110715270042419,0.16136476397514343,-0.020320268347859383,0.6564855575561523,0.1560342162847519,-0.024800745770335197,0.6793289184570312,0.16012372076511383,-0.02170482836663723,0.6944570541381836,0.16605234146118164,-0.020045578479766846,0.6150424480438232,0.19209344685077667,-0.02844672091305256,0.6586745381355286,0.185435950756073,-0.03181339427828789,0.6804985404014587,0.18709957599639893,-0.028669685125350952,0.6949307322502136,0.18803073465824127,-0.027611618861556053,0.6172046065330505,0.22733716666698456,-0.03538830950856209,0.6506274342536926,0.2235306203365326,-0.038777466863393784,0.6688275337219238,0.2223300188779831,-0.03693819046020508,0.6823842525482178,0.22021007537841797,-0.03583793342113495,7.329104099999995
0.5666465759277344,0.24283719062805176,0.0,0.5756596922874451,0.19197151064872742,0.012477818876504898,0.5963062047958374,0.1622939556837082,0.013300951570272446,0.6196420192718506,0.1528649628162384,0.012237048707902431,0.6369449496269226,0.15591207146644592,0.010955403558909893,0.606282114982605,0.13894984126091003,-0.009519700892269611,0.6473214626312256,0.13553908467292786,-0.013486419804394245,0.6683450937271118,0.14279113709926605,-0.0117556843906641,0.6817035675048828,0.15101805329322815,-0.010064767673611641,0.6113375425338745,0.1603182554244995,-0.019863948225975037,0.6565394401550293,0.15542636811733246,-0.02376631274819374,0.6795554757118225,0.16022981703281403,-0.020278435200452805,0.6950791478157043,0.16570110619068146,-0.018426572903990746,0.6154465675354004,0.19093023240566254,-0.028099659830331802,0.6589502692222595,0.18487666547298431,-0.030711619183421135,0.680711567401886,0.18662872910499573,-0.027102062478661537,0.6952372789382935,0.1871674656867981,-0.025902964174747467,0.6176573038101196,0.22624936699867249,-0.03504189848899841,0.6514987945556641,0.22268402576446533,-0.03766584023833275,0.6693527102470398,0.22196972370147705,-0.03535260260105133,0.6826673746109009,0.21980522572994232,-0.03403022512793541,7.373670700000048
0.5665234327316284,0.24469241499900818,0.0,0.5763909816741943,0.19313202798366547,0.012655889615416527,0.5972104668617249,0.16340500116348267,0.01355433464050293,0.6204595565795898,0.15399619936943054,0.012499911710619926,0.6375458240509033,0.15723121166229248,0.011261146515607834,0.606902539730072,0.14065177738666534,-0.009367730468511581,0.647847592830658,0.13547658920288086,-0.013240328058600426,0.6688343286514282,0.1419171690940857,-0.011418426409363747,0.6822635531425476,0.15001891553401947,-0.009660040959715843,0.6118443608283997,0.16216124594211578,-0.01982148177921772,0.6568484306335449,0.15618088841438293,-0.02343246340751648,0.6793228983879089,0.1604316532611847,-0.019659824669361115,0.6945184469223022,0.16574977338314056,-0.017667550593614578,0.6157967448234558,0.1927124261856079,-0.028184592723846436,0.6590340733528137,0.185634046792984,-0.030441995710134506,0.6802302002906799,0.18631431460380554,-0.026701975613832474,0.6944981217384338,0.18639947474002838,-0.025530586019158363,0.6178731322288513,0.22795714437961578,-0.0352725014090538,0.651688277721405,0.22382114827632904,-0.037734679877758026,0.6696501970291138,0.22285041213035583,-0.03542410954833031,0.6831836104393005,0.220871239900589,-0.03415417671203613,7.408088099999986
0.5664123296737671,0.24847877025604248,0.0,0.5767887234687805,0.19692948460578918,0.011469665914773941,0.5973678827285767,0.16650591790676117,0.011872674338519573,0.6201651096343994,0.1573226898908615,0.010318824090063572,0.6375095844268799,0.16018462181091309,0.008619209751486778,0.6067621111869812,0.14314500987529755,-0.00916305836290121,0.6480687856674194,0.13811464607715607,-0.01359165832400322,0.6691232919692993,0.14440926909446716,-0.012551839463412762,0.6826134324073792,0.1519191563129425,-0.011338557116687298,0.6116933226585388,0.1647462248802185,-0.019394272938370705,0.656731903553009,0.15978595614433289,-0.0234624482691288,0.6796289086341858,0.16405931115150452,-0.02048402465879917,0.6951031684875488,0.16923604905605316,-0.019107701256871223,0.6157082915306091,0.19499154388904572,-0.027738504111766815,0.6589037179946899,0.18917755782604218,-0.030445747077465057,0.6804121732711792,0.19022129476070404,-0.027288014069199562,0.6948399543762207,0.1901254802942276,-0.02652398869395256,0.6179617047309875,0.22979117929935455,-0.03500937297940254,0.6515206694602966,0.22683480381965637,-0.03777077794075012,0.6691420674324036,0.22565141320228577,-0.03579195961356163,0.6821726560592651,0.22306133806705475,-0.03483544662594795,7.446643699999981
0.5640250444412231,0.2500694692134857,0.0,0.5754327774047852,0.19869168102741241,0.012660140171647072,0.5961248278617859,0.1682567447423935,0.01345170009881258,0.619365930557251,0.1586652249097824,0.012156468816101551,0.6366651654243469,0.16223205626010895,0.010779350996017456,0.6055858135223389,0.14423993229866028,-0.00867392960935831,0.6468451619148254,0.14111877977848053,-0.012710239738225937,0.667794406414032,0.14934368431568146,-0.011383992619812489,0.6811059713363647,0.15748995542526245,-0.010079890489578247,0.6105406880378723,0.1664123237133026,-0.01943226344883442,0.6563897132873535,0.162986159324646,-0.023497650399804115,0.6801227331161499,0.16834843158721924,-0.0205706674605608,0.696454644203186,0.17384271323680878,-0.019319137558341026,0.6146328449249268,0.1973598152399063,-0.028092237189412117,0.6584632396697998,0.1929941475391388,-0.030533410608768463,0.6808668971061707,0.19514234364032745,-0.027232849970459938,0.696231484413147,0.19556209444999695,-0.026520418003201485,0.6171587705612183,0.2330007553100586,-0.035526543855667114,0.6514391303062439,0.2310146540403366,-0.037905190140008926,0.6693238019943237,0.23035891354084015,-0.035676565021276474,0.6829631924629211,0.22767984867095947,-0.03465040400624275,7.480120000000056
0.5641007423400879,0.25469061732292175,0.0,0.5756328701972961,0.20410670340061188,0.01135510765016079,0.595528781414032,0.1712154597043991,0.010940234176814556,0.617615282535553,0.15905146300792694,0.008567743003368378,0.6341263651847839,0.16152846813201904,0.006177469622343779,0.6043496131896973,0.14691272377967834,-0.012017052620649338,0.6473276615142822,0.1457102745771408,-0.017702439799904823,0.6679523587226868,0.15561294555664062,-0.016629716381430626,0.6804509162902832,0.1648482084274292,-0.015240374021232128,0.6084508895874023,0.168219193816185,-0.022990286350250244,0.6562685370445251,0.16524475812911987,-0.02907552942633629,0.6802173852920532,0.1725189983844757,-0.026058854535222054,0.6963155269622803,0.18031318485736847,-0.0243251770734787,0.6120644807815552,0.1990823596715927,-0.03195752203464508,0.6577267050743103,0.19510182738304138,-0.036351583898067474,0.6808011531829834,0.1993650496006012,-0.032723549753427505,0.6964743733406067,0.2021292895078659,-0.03125917539000511,0.61445552110672,0.2354716658592224,-0.03977192938327789,0.6501641273498535,0.23416537046432495,-0.04343770444393158,0.6692068576812744,0.23419401049613953,-0.04114103317260742,0.6838253140449524,0.2330411672592163,-0.039732471108436584,7.5209440999999515
0.5597748756408691,0.2617928087711334,0.0,0.573570728302002,0.21520115435123444,0.01395843643695116,0.5931846499443054,0.18254953622817993,0.01448980625718832,0.6133683919906616,0.1669544279575348,0.012179919518530369,0.6291247606277466,0.1641087681055069,0.00980831403285265,0.6021348834037781,0.15683579444885254,-0.0070703523233532906,0.6442158818244934,0.15307652950286865,-0.01290582399815321,0.6656405925750732,0.1619737148284912,-0.013232995755970478,0.6788203716278076,0.17003001272678375,-0.013066978193819523,0.6045530438423157,0.17347615957260132,-0.019508205354213715,0.6524085402488708,0.16723060607910156,-0.02670557238161564,0.677728533744812,0.17346501350402832,-0.02590346895158291,0.6948894262313843,0.17995470762252808,-0.025609038770198822,0.6070564389228821,0.20099464058876038,-0.02986336126923561,0.652773380279541,0.19681113958358765,-0.035094406455755234,0.6773443818092346,0.201163649559021,-0.032845012843608856,0.6944283246994019,0.202927365899086,-0.03220697492361069,0.6089046597480774,0.23474186658859253,-0.038899488747119904,0.644586980342865,0.23666776716709137,-0.04240518808364868,0.6626907587051392,0.23759907484054565,-0.04034409672021866,0.6765996217727661,0.2358042597770691,-0.0393371656537056,7.553601100000037
0.5596155524253845,0.26677775382995605,0.0,0.5744450092315674,0.22285126149654388,0.010443411767482758,0.5946846008300781,0.1878274381160736,0.008273566141724586,0.6118068695068359,0.16540184617042542,0.003292678389698267,0.6237473487854004,0.15022285282611847,-0.0016477854223921895,0.6024015545845032,0.16326230764389038,-0.010176393203437328,0.6440114378929138,0.15456517040729523,-0.019197942689061165,0.6666350960731506,0.16247542202472687,-0.0223135557025671,0.6812213659286499,0.1720575988292694,-0.023923305794596672,0.602405846118927,0.1802612841129303,-0.022458581253886223,0.6489278078079224,0.17247888445854187,-0.03243542090058327,0.6745447516441345,0.17861853539943695,-0.033819496631622314,0.6919140815734863,0.18603500723838806,-0.03500094264745712,0.602602481842041,0.2073824405670166,-0.033142924308776855,0.6463727355003357,0.20147092640399933,-0.040966495871543884,0.6713386178016663,0.20460112392902374,-0.040157657116651535,0.689215362071991,0.2062394618988037,-0.04039466381072998,0.6027063727378845,0.23997727036476135,-0.04288772866129875,0.6360930800437927,0.24205496907234192,-0.04842960834503174,0.6543364524841309,0.24258145689964294,-0.04734865948557854,0.6686909198760986,0.24105560779571533,-0.04708700627088547,7.594258200000013
0.5543200969696045,0.27465349435806274,0.0,0.5716832876205444,0.23045828938484192,0.006148438435047865,0.5967332720756531,0.1992134302854538,0.002097668591886759,0.6209489703178406,0.1879204511642456,-0.003906584810465574,0.6401737928390503,0.1873108446598053,-0.00970514677464962,0.5998485088348389,0.17285454273223877,-0.01615472324192524,0.6414228677749634,0.16476014256477356,-0.02700997143983841,0.6641739010810852,0.17223376035690308,-0.03053048439323902,0.6794692277908325,0.1812511682510376,-0.032131876796483994,0.5980808138847351,0.19147615134716034,-0.026478763669729233,0.642912745475769,0.1835533082485199,-0.038500964641571045,0.6681546568870544,0.18892242014408112,-0.03970176354050636,0.6863908767700195,0.19549867510795593,-0.04037011042237282,0.5964229106903076,0.22023150324821472,-0.03553421050310135,0.6377906799316406,0.21396006643772125,-0.04613523557782173,0.6615530252456665,0.21659637987613678,-0.045403480529785156,0.6787781715393066,0.21764348447322845,-0.04471945762634277,0.5950078368186951,0.25373464822769165,-0.04392325133085251,0.6253673434257507,0.25530266761779785,-0.05173462629318237,0.6431438326835632,0.2552889287471771,-0.0513157844543457,0.6575140357017517,0.2534404993057251,-0.05074029415845871,7.627706900000021
0.5511683821678162,0.28952711820602417,0.0,0.5699499249458313,0.24587567150592804,0.006623419001698494,0.5937098264694214,0.21510049700737,0.0016800895100459456,0.6161336898803711,0.202235609292984,-0.0056411027908325195,0.633766233921051,0.19998282194137573,-0.012994264252483845,0.5960354208946228,0.18874970078468323,-0.019810762256383896,0.6348684430122375,0.17479407787322998,-0.03318144381046295,0.6565040349960327,0.1808159053325653,-0.03789107874035835,0.6716684103012085,0.18959152698516846,-0.040165163576602936,0.5921522974967957,0.20696568489074707,-0.03161268308758736,0.6342852115631104,0.19815602898597717,-0.04702805355191231,0.6586440801620483,0.20400594174861908,-0.04896393045783043,0.6757767796516418,0.21033607423305511,-0.04964633658528328,0.5881613492965698,0.2349959909915924,-0.04202970489859581,0.6263723969459534,0.2309698462486267,-0.055947884917259216,0.6497701406478882,0.23466143012046814,-0.055331796407699585,0.6668747663497925,0.23640324175357819,-0.0541180744767189,0.584400475025177,0.2675945460796356,-0.051659438759088516,0.6115714311599731,0.2717888355255127,-0.06197249889373779,0.628516674041748,0.2724333107471466,-0.061852097511291504,0.6423484086990356,0.2710265517234802,-0.061063673347234726,7.67134759999999
0.5447140336036682,0.2964552044868469,0.0,0.5744462609291077,0.2655723989009857,0.006911184173077345,0.6050375699996948,0.2426929771900177,0.0008007799042388797,0.6314312219619751,0.23579686880111694,-0.008083751425147057,0.6503019332885742,0.22823616862297058,-0.017466163262724876,0.5899626016616821,0.2117975503206253,-0.02291226200759411,0.6279723644256592,0.19539570808410645,-0.03808091953396797,0.6475459337234497,0.20164835453033447,-0.04409642890095711,0.6606625318527222,0.209865003824234,-0.04766280949115753,0.5834846496582031,0.23032310605049133,-0.03643849864602089,0.6220645904541016,0.21850541234016418,-0.053334932774305344,0.6438906192779541,0.22439223527908325,-0.05704326927661896,0.6595624685287476,0.2301826775074005,-0.05977717041969299,0.5765030384063721,0.25530004501342773,-0.04852450266480446,0.6109805107116699,0.24940362572669983,-0.06496498733758926,0.6326526999473572,0.25277867913246155,-0.06772485375404358,0.6494399309158325,0.2559815049171448,-0.06936899572610855,0.5711173415184021,0.28678658604621887,-0.05952336639165878,0.5912904739379883,0.2925940155982971,-0.0729694664478302,0.6045486927032471,0.2928556501865387,-0.07574852555990219,0.6160240173339844,0.2918444573879242,-0.07744529843330383,7.704248900000039
0.544302225112915,0.3193202316761017,0.0,0.580938458442688,0.3026423156261444,0.001065553748048842,0.6099690198898315,0.27597081661224365,-0.0068232109770178795,0.632905900478363,0.262788861989975,-0.016636468470096588,0.6523024439811707,0.253320574760437,-0.02726537175476551,0.586920440196991,0.23826172947883606,-0.025597024708986282,0.6156566739082336,0.23068079352378845,-0.041814763098955154,0.6307371258735657,0.23777316510677338,-0.04949546232819557,0.6425143480300903,0.24187952280044556,-0.054419972002506256,0.5742518305778503,0.25624415278434753,-0.03655388951301575,0.6030744314193726,0.2497844398021698,-0.055150121450424194,0.6215784549713135,0.2537015974521637,-0.06059913709759712,0.6360463500022888,0.254367858171463,-0.06429154425859451,0.5616322159767151,0.28151535987854004,-0.04640216380357742,0.5860475897789001,0.2783861458301544,-0.06377125531435013,0.6037070155143738,0.2762576937675476,-0.06593158096075058,0.6177821159362793,0.272632360458374,-0.0672055184841156,0.5519576668739319,0.31344637274742126,-0.055907655507326126,0.5645203590393066,0.3217217028141022,-0.07013928890228271,0.5737208127975464,0.31927555799484253,-0.07225798815488815,0.5819443464279175,0.3136245310306549,-0.07323625683784485,7.753602900000033
0.3791012167930603,0.595414400100708,0.0,0.3932842016220093,0.6393803954124451,-0.025148965418338776,0.39303910732269287,0.6850384473800659,-0.0452304482460022,0.3916432559490204,0.7153661847114563,-0.058591749519109726,0.3953460156917572,0.7308914661407471,-0.07234450429677963,0.37268054485321045,0.6775058507919312,-0.06818191707134247,0.3422003984451294,0.7188130617141724,-0.08783348649740219,0.321761816740036,0.7443379759788513,-0.09798571467399597,0.3037247061729431,0.7630910873413086,-0.10434064269065857,0.35657814145088196,0.6556107401847839,-0.059494342654943466,0.32475635409355164,0.6962567567825317,-0.08122094720602036,0.30123037099838257,0.7245385050773621,-0.09097299724817276,0.28160178661346436,0.745326817035675,-0.09801696240901947,0.34438616037368774,0.6424888372421265,-0.04840073361992836,0.31506451964378357,0.6810672879219055,-0.065914586186409,0.2940796911716461,0.7079758644104004,-0.0750560313463211,0.27717024087905884,0.7268933057785034,-0.0811360776424408,0.33570995926856995,0.6357564330101013,-0.03749440237879753,0.31625115871429443,0.6712716817855835,-0.04884009435772896,0.3035116493701935,0.692939281463623,-0.05532289668917656,0.2928186058998108,0.7076859474182129,-0.060641806572675705,8.076877400000058
0.36709117889404297,0.6125759482383728,0.0,0.38101980090141296,0.650309145450592,-0.029801243916153908,0.38861021399497986,0.6901657581329346,-0.05446695536375046,0.39745673537254333,0.7244225740432739,-0.06991041451692581,0.406442254781723,0.7477579712867737,-0.08527345955371857,0.36631834506988525,0.6767269372940063,-0.08844778686761856,0.34140998125076294,0.7133494019508362,-0.11639505624771118,0.32021045684814453,0.7411216497421265,-0.133433997631073,0.3006017208099365,0.7634483575820923,-0.1442124992609024,0.3484019339084625,0.6648755073547363,-0.0763242095708847,0.3224264085292816,0.6963574886322021,-0.10814077407121658,0.3020637035369873,0.7268744707107544,-0.12322884052991867,0.2842145562171936,0.7510838508605957,-0.13381236791610718,0.3345702886581421,0.656907320022583,-0.060484714806079865,0.31269243359565735,0.6907667517662048,-0.08469751477241516,0.2987256944179535,0.7216634750366211,-0.0946647897362709,0.28709742426872253,0.7431827783584595,-0.10060292482376099,0.3252156376838684,0.6546955108642578,-0.04455050081014633,0.3121030032634735,0.6847042441368103,-0.05998094379901886,0.3029070794582367,0.7047658562660217,-0.06732047349214554,0.29409775137901306,0.7182905077934265,-0.07283691316843033,8.111057599999981
0.36549457907676697,0.6186278462409973,0.0,0.37861886620521545,0.6616096496582031,-0.030536668375134468,0.38912591338157654,0.7041712999343872,-0.0576641745865345,0.4023662209510803,0.7384140491485596,-0.07469570636749268,0.4149523675441742,0.7631345987319946,-0.09199859201908112,0.36741921305656433,0.6885817050933838,-0.0992216169834137,0.33760935068130493,0.7224581241607666,-0.13164165616035461,0.3140418827533722,0.750182032585144,-0.15070688724517822,0.292365163564682,0.7714282274246216,-0.16191908717155457,0.35058513283729553,0.6723813414573669,-0.08633095026016235,0.32025715708732605,0.7090311050415039,-0.11902894824743271,0.2981463670730591,0.7399680614471436,-0.13236813247203827,0.2782963216304779,0.7630419731140137,-0.14201781153678894,0.33642634749412537,0.6629496216773987,-0.06962750852108002,0.30987924337387085,0.700088381767273,-0.09346523880958557,0.2927262485027313,0.732734739780426,-0.10207685083150864,0.27767401933670044,0.753859281539917,-0.10754864662885666,0.32459670305252075,0.6597655415534973,-0.05270053818821907,0.30757462978363037,0.6932196021080017,-0.06830711662769318,0.2952711582183838,0.7173144817352295,-0.07594018429517746,0.28342610597610474,0.7339068055152893,-0.081962451338768,8.152725499999974
0.3603917956352234,0.6242372393608093,0.0,0.37699952721595764,0.6647681593894958,-0.03889652341604233,0.3893263339996338,0.7129555344581604,-0.06766866147518158,0.4068619906902313,0.7480596899986267,-0.08642558753490448,0.42826783657073975,0.7662715911865234,-0.10544908046722412,0.36442136764526367,0.687382161617279,-0.0988040491938591,0.33333873748779297,0.71937096118927,-0.12936261296272278,0.31024372577667236,0.7438966035842896,-0.14613287150859833,0.2882124185562134,0.7631940841674805,-0.15638768672943115,0.3455126881599426,0.6721400618553162,-0.08529394119977951,0.31078454852104187,0.7055427432060242,-0.11825207620859146,0.28973644971847534,0.7371426224708557,-0.1321192979812622,0.270524799823761,0.7646487951278687,-0.14248353242874146,0.3318634331226349,0.6617864966392517,-0.06903854757547379,0.3041232228279114,0.698672354221344,-0.09572454541921616,0.28699997067451477,0.7302318215370178,-0.1068030446767807,0.2717870771884918,0.7556331753730774,-0.113663449883461,0.32365190982818604,0.6611912250518799,-0.05348122492432594,0.30482783913612366,0.6949064135551453,-0.07220354676246643,0.2916759252548218,0.7186480760574341,-0.08152942359447479,0.2783008813858032,0.7364879250526428,-0.08853546530008316,8.189139599999976
0.35622531175613403,0.6171970963478088,0.0,0.37566691637039185,0.6607252359390259,-0.033653464168310165,0.38875269889831543,0.7066165804862976,-0.059535037726163864,0.40910759568214417,0.7356960773468018,-0.07650884985923767,0.4327923655509949,0.7476396560668945,-0.09314106404781342,0.3624364137649536,0.6784377694129944,-0.08796952664852142,0.32809171080589294,0.7134909629821777,-0.11260086297988892,0.3042713403701782,0.7366991639137268,-0.1244446337223053,0.28099310398101807,0.7557488679885864,-0.1313413828611374,0.3425063490867615,0.6639032959938049,-0.07541844993829727,0.3009057641029358,0.7026904821395874,-0.10235752910375595,0.27611875534057617,0.7340199947357178,-0.111810602247715,0.25431370735168457,0.7599514126777649,-0.11892765015363693,0.32716065645217896,0.6557973623275757,-0.05958321690559387,0.2951536774635315,0.7008748054504395,-0.07991267740726471,0.2752689719200134,0.7324041128158569,-0.08630242198705673,0.2575353980064392,0.7584804892539978,-0.09037420898675919,0.31789958477020264,0.6590391993522644,-0.044422220438718796,0.299343466758728,0.6960676312446594,-0.05632864311337471,0.28789442777633667,0.7193204164505005,-0.06062782555818558,0.2759169042110443,0.736107349395752,-0.06436923146247864,8.229824600000029
0.3540741503238678,0.6052315831184387,0.0,0.3783889412879944,0.6439215540885925,-0.029776860028505325,0.3956582248210907,0.6904518604278564,-0.05456383153796196,0.415113240480423,0.7192724347114563,-0.07208961248397827,0.438276082277298,0.7314274907112122,-0.08910882472991943,0.36489588022232056,0.6683219075202942,-0.07997111231088638,0.3347790539264679,0.6997412443161011,-0.10341381281614304,0.31405818462371826,0.7206605672836304,-0.11417213827371597,0.29401037096977234,0.7417401671409607,-0.1207529753446579,0.340579628944397,0.6585588455200195,-0.07063788175582886,0.29777991771698,0.7008975148200989,-0.09737813472747803,0.27201589941978455,0.7320029735565186,-0.10761279612779617,0.24928487837314606,0.7596669793128967,-0.11548368632793427,0.32241690158843994,0.6549590229988098,-0.0580587163567543,0.288411945104599,0.7044143676757812,-0.07800105959177017,0.26576733589172363,0.7359234094619751,-0.08485862612724304,0.2451746016740799,0.7646018862724304,-0.08955498784780502,0.3114045560359955,0.6596816182136536,-0.04603281244635582,0.29212644696235657,0.7032772302627563,-0.057733625173568726,0.2773149013519287,0.7307535409927368,-0.06227576732635498,0.26200637221336365,0.7521547675132751,-0.06634914875030518,8.264118800000006
0.36056628823280334,0.5868643522262573,0.0,0.3874318599700928,0.6194475889205933,-0.03204767778515816,0.40604835748672485,0.6679004430770874,-0.05960683897137642,0.4266204833984375,0.69305020570755,-0.08078836649656296,0.4511376917362213,0.6999449729919434,-0.10111918300390244,0.36895641684532166,0.6421074867248535,-0.08129321038722992,0.3437614142894745,0.672722339630127,-0.10881398618221283,0.32590824365615845,0.6936296224594116,-0.12164457142353058,0.30916914343833923,0.7144177556037903,-0.1290317326784134,0.34251096844673157,0.6362967491149902,-0.0734565407037735,0.3033927381038666,0.6820021867752075,-0.10265082120895386,0.27975183725357056,0.7149716019630432,-0.11329203844070435,0.2584281265735626,0.7467141151428223,-0.1213311105966568,0.3249712586402893,0.6384145617485046,-0.06322123855352402,0.2923256754875183,0.6924436688423157,-0.08474501222372055,0.2721862494945526,0.7286237478256226,-0.08980555832386017,0.2539249062538147,0.7606537342071533,-0.09339627623558044,0.31568288803100586,0.6499460935592651,-0.05422846972942352,0.294793963432312,0.7003729343414307,-0.06644171476364136,0.28129538893699646,0.7305585145950317,-0.06972396373748779,0.2663496434688568,0.755203366279602,-0.07294059544801712,8.304002400000059
0.3724236786365509,0.5794200897216797,0.0,0.3994356393814087,0.6058192849159241,-0.02765166014432907,0.420815646648407,0.6399612426757812,-0.0548194944858551,0.44201380014419556,0.6522983312606812,-0.07596834748983383,0.46780848503112793,0.6579711437225342,-0.09741233289241791,0.3897625207901001,0.618621826171875,-0.0862264484167099,0.3648281991481781,0.6521471738815308,-0.11500700563192368,0.3501528799533844,0.665429949760437,-0.12748892605304718,0.337838739156723,0.6822789907455444,-0.13413652777671814,0.36570215225219727,0.609483003616333,-0.07974712550640106,0.32923972606658936,0.6644940972328186,-0.1073727235198021,0.3126521706581116,0.6889499425888062,-0.11427988111972809,0.29987475275993347,0.7148045897483826,-0.11986111104488373,0.3466683626174927,0.6137062311172485,-0.07015860080718994,0.3133407235145569,0.6800453066825867,-0.09062618762254715,0.29599088430404663,0.7134172916412354,-0.09270404279232025,0.2818836271762848,0.739745557308197,-0.09458966553211212,0.33157044649124146,0.6291669011116028,-0.061034902930259705,0.3072603940963745,0.6879328489303589,-0.0713285580277443,0.2952060401439667,0.7182952761650085,-0.07266875356435776,0.2853313684463501,0.7412574887275696,-0.07511019706726074,8.336180200000058
0.3790243864059448,0.5761450529098511,0.0,0.4053533673286438,0.6016810536384583,-0.015894729644060135,0.4282906949520111,0.6184790134429932,-0.037025097757577896,0.45180049538612366,0.6233915090560913,-0.05511901527643204,0.47846150398254395,0.62462317943573,-0.07323615998029709,0.40015846490859985,0.5834883451461792,-0.0672229528427124,0.3858799636363983,0.6062592267990112,-0.08955446630716324,0.37580010294914246,0.628716766834259,-0.09833282977342606,0.3698604106903076,0.648820698261261,-0.10267256200313568,0.37685635685920715,0.581900954246521,-0.06609329581260681,0.35158485174179077,0.636282205581665,-0.08812139928340912,0.34030789136886597,0.6663797497749329,-0.09282650053501129,0.3335413634777069,0.6922958493232727,-0.09702535718679428,0.35879653692245483,0.5948513150215149,-0.06117229163646698,0.3345491886138916,0.6613624691963196,-0.07810191810131073,0.3225795328617096,0.6970838308334351,-0.07828940451145172,0.3134397864341736,0.7226359844207764,-0.07889562100172043,0.3458692729473114,0.6223372220993042,-0.055847395211458206,0.3275165259838104,0.6805344223976135,-0.06385806947946548,0.3200307786464691,0.7081128358840942,-0.06316155940294266,0.3132363259792328,0.728739857673645,-0.0641091838479042,8.374690600000008
0.47532951831817627,0.43972131609916687,0.0,0.49167945981025696,0.3903992176055908,-0.005065616685897112,0.5204516649246216,0.3659156560897827,-0.012305489741265774,0.54461270570755,0.3798200488090515,-0.01970570720732212,0.5571717619895935,0.3999006748199463,-0.026011578738689423,0.5245215892791748,0.39078307151794434,-0.028299616649746895,0.565015971660614,0.40235620737075806,-0.04058477655053139,0.5570382475852966,0.40398719906806946,-0.041187431663274765,0.5421004891395569,0.40177658200263977,-0.03962535411119461,0.5208689570426941,0.4314645528793335,-0.03237919881939888,0.5558078289031982,0.44384461641311646,-0.045717064291238785,0.5504573583602905,0.43832364678382874,-0.04285166785120964,0.5394087433815002,0.4317517578601837,-0.039013151079416275,0.5177935361862183,0.4690095782279968,-0.03581659868359566,0.5486242175102234,0.4803284704685211,-0.045490775257349014,0.5432840585708618,0.47487789392471313,-0.03750573471188545,0.5333427786827087,0.4692831337451935,-0.03109193965792656,0.515703558921814,0.5042363405227661,-0.039874207228422165,0.5424346923828125,0.5114771723747253,-0.04605845361948013,0.5371973514556885,0.5060304403305054,-0.04083854705095291,0.5267260670661926,0.5021267533302307,-0.03569167107343674,8.566805300000055
0.4808925688266754,0.4231436848640442,0.0,0.5109021663665771,0.42371630668640137,0.002665008883923292,0.5388243198394775,0.41910818219184875,-0.0020694101694971323,0.5601767301559448,0.4168689548969269,-0.007675620727241039,0.5762975215911865,0.41656506061553955,-0.013633896596729755,0.5361278057098389,0.38564634323120117,-0.017476234585046768,0.5674572587013245,0.38607096672058105,-0.02765778824687004,0.5906380414962769,0.3926319479942322,-0.03319273889064789,0.6085219979286194,0.39933037757873535,-0.03646101802587509,0.5318979024887085,0.3879548907279968,-0.02411150373518467,0.5663983821868896,0.39215776324272156,-0.03537903353571892,0.5923449397087097,0.4011179208755493,-0.03905908018350601,0.6125369071960449,0.4102412462234497,-0.041620928794145584,0.527843177318573,0.39638519287109375,-0.029467707499861717,0.5622590780258179,0.40710291266441345,-0.03863144665956497,0.5869949460029602,0.4143698811531067,-0.04031069576740265,0.6054425835609436,0.4204457700252533,-0.041901763528585434,0.5232202410697937,0.40937861800193787,-0.03429029881954193,0.5484315752983093,0.42626693844795227,-0.04056117311120033,0.5654855370521545,0.43544718623161316,-0.04119766503572464,0.5792897343635559,0.44171714782714844,-0.042086005210876465,8.607172099999957
0.4877755045890808,0.40488970279693604,0.0,0.5157046914100647,0.39614591002464294,0.007075462490320206,0.5419251322746277,0.38484829664230347,0.007740544155240059,0.5616123080253601,0.37779471278190613,0.006178433075547218,0.5771937370300293,0.37232986092567444,0.005067344289273024,0.5413534045219421,0.3536849915981293,0.005993511527776718,0.5664469599723816,0.3467109203338623,0.0034135037567466497,0.5860618352890015,0.34613582491874695,0.0016268668696284294,0.6022512912750244,0.34512409567832947,0.0004846087540499866,0.5411168336868286,0.35631346702575684,-0.0009918586583808064,0.5689061284065247,0.35573044419288635,-0.0033090272918343544,0.5904531478881836,0.3561648428440094,-0.004615296144038439,0.6092415452003479,0.3555677533149719,-0.006039278581738472,0.5417046546936035,0.36497485637664795,-0.007878069765865803,0.5712627172470093,0.3710453510284424,-0.009697464294731617,0.5911291241645813,0.37472015619277954,-0.010076592676341534,0.6077784895896912,0.37711986899375916,-0.01113261841237545,0.5417599081993103,0.3771620988845825,-0.014529327861964703,0.5674368143081665,0.38718774914741516,-0.01571981981396675,0.5838165283203125,0.3955897092819214,-0.015431446023285389,0.5983449816703796,0.401692658662796,-0.015761489048600197,8.640325500000017
0.5386134386062622,0.2955591380596161,0.0,0.5524042248725891,0.254911869764328,0.0013646541628986597,0.5790491104125977,0.23521044850349426,-0.004309256561100483,0.6040127873420715,0.239885613322258,-0.01006251946091652,0.6210117340087891,0.2507731318473816,-0.01586177758872509,0.5809954404830933,0.21557766199111938,-0.02179158292710781,0.6174553632736206,0.2301403135061264,-0.03153591230511665,0.6393821835517883,0.24271464347839355,-0.03515065461397171,0.6553900241851807,0.2521118223667145,-0.03715003654360771,0.5780306458473206,0.24213749170303345,-0.028583591803908348,0.621494472026825,0.2619142234325409,-0.03899712115526199,0.6459967494010925,0.2733147144317627,-0.04060589149594307,0.6634520292282104,0.28080299496650696,-0.04216731712222099,0.5757501721382141,0.27641451358795166,-0.03390653431415558,0.6176743507385254,0.2962121069431305,-0.04234359785914421,0.6413471698760986,0.307319700717926,-0.04234837368130684,0.6589846014976501,0.31153765320777893,-0.04280923306941986,0.5736055970191956,0.312671959400177,-0.03869142755866051,0.6052355766296387,0.3304365277290344,-0.04573844373226166,0.6237999200820923,0.33956217765808105,-0.04582025483250618,0.6388769149780273,0.3432585895061493,-0.045851342380046844,8.730142999999998
0.5446369051933289,0.2824040353298187,0.0,0.5573859214782715,0.2366715967655182,0.006107515189796686,0.581856369972229,0.21519094705581665,0.002845791867002845,0.6055618524551392,0.2123621702194214,-0.001346454257145524,0.6227483749389648,0.21722617745399475,-0.0058845230378210545,0.5863767266273499,0.19571983814239502,-0.014812578447163105,0.6189879179000854,0.19830751419067383,-0.021902160719037056,0.639529287815094,0.19900864362716675,-0.024129975587129593,0.6552745699882507,0.20093627274036407,-0.025239789858460426,0.5893368721008301,0.21691668033599854,-0.022919582203030586,0.6284518241882324,0.2220371961593628,-0.030062515288591385,0.6541367769241333,0.2242875099182129,-0.030972875654697418,0.6742246150970459,0.2266872525215149,-0.03229578956961632,0.5915076732635498,0.24768348038196564,-0.029398124665021896,0.6319400072097778,0.252676784992218,-0.03482768312096596,0.6544822454452515,0.2567334771156311,-0.03404691442847252,0.6710379719734192,0.25833073258399963,-0.03449400141835213,0.5921456813812256,0.28083735704421997,-0.035031531006097794,0.6242018342018127,0.2877007722854614,-0.03890544921159744,0.6414092779159546,0.29294201731681824,-0.037557054311037064,0.6550013422966003,0.29633694887161255,-0.03708445280790329,8.768335900000011
0.5501891374588013,0.2714090645313263,0.0,0.56116783618927,0.2271156758069992,0.003429628210142255,0.5850834846496582,0.20126809179782867,-0.001701408764347434,0.6092145442962646,0.19511808454990387,-0.007039378397166729,0.6261817812919617,0.19809386134147644,-0.012797297909855843,0.5894599556922913,0.1802256554365158,-0.021964270621538162,0.6254852414131165,0.17914080619812012,-0.030651360750198364,0.6500433087348938,0.18021181225776672,-0.03417976573109627,0.6690402030944824,0.18237580358982086,-0.036338381469249725,0.5920282006263733,0.20303675532341003,-0.028947392478585243,0.634117066860199,0.20571717619895935,-0.03734629973769188,0.6625201106071472,0.2096082866191864,-0.03899069502949715,0.6841533184051514,0.213608056306839,-0.04105149209499359,0.5944367051124573,0.2344883382320404,-0.03397629037499428,0.6368569135665894,0.23470549285411835,-0.04005056992173195,0.6612693667411804,0.23771080374717712,-0.03983157128095627,0.678652286529541,0.238290473818779,-0.04103730991482735,0.5961077809333801,0.26746252179145813,-0.038235992193222046,0.629925012588501,0.27074798941612244,-0.04295802116394043,0.6488639116287231,0.27435317635536194,-0.04221469536423683,0.6637639403343201,0.27516883611679077,-0.04237287864089012,8.808304099999987
0.5553300380706787,0.26435890793800354,0.0,0.5645159482955933,0.21924376487731934,0.0046935430727899075,0.5853997468948364,0.18698033690452576,0.0009128080564551055,0.6057158708572388,0.168976292014122,-0.003187349997460842,0.6180700659751892,0.16114559769630432,-0.007430118974298239,0.5921502113342285,0.16887223720550537,-0.020363744348287582,0.6311684846878052,0.16459453105926514,-0.02786956913769245,0.6546852588653564,0.1688966453075409,-0.02906922437250614,0.6709922552108765,0.17397695779800415,-0.029358897358179092,0.5949636101722717,0.193391352891922,-0.02768114022910595,0.6408103108406067,0.19414621591567993,-0.034415844827890396,0.6668779253959656,0.2000265121459961,-0.03307284787297249,0.6842491626739502,0.20404231548309326,-0.032900333404541016,0.5984821319580078,0.22553366422653198,-0.033140458166599274,0.6422733664512634,0.22390668094158173,-0.03817788511514664,0.666374146938324,0.22790467739105225,-0.03592359274625778,0.6821111440658569,0.22820284962654114,-0.03554975986480713,0.6014711260795593,0.259389191865921,-0.037804555147886276,0.6359410285949707,0.258808970451355,-0.04219836741685867,0.6544082760810852,0.2610480785369873,-0.040636755526065826,0.6678727865219116,0.2604874074459076,-0.039890456944704056,8.854431200000022
0.5586464405059814,0.2603691518306732,0.0,0.5665090680122375,0.21523655951023102,0.005628232844173908,0.5827220678329468,0.17359769344329834,0.0021591284312307835,0.5941183567047119,0.13949453830718994,-0.0023672336246818304,0.5941972136497498,0.11500149220228195,-0.00687373336404562,0.5977188348770142,0.16460558772087097,-0.015193410217761993,0.6372435688972473,0.15784510970115662,-0.022389816120266914,0.6589192152023315,0.16196021437644958,-0.02372950315475464,0.6732320785522461,0.16918620467185974,-0.02423623576760292,0.6010602712631226,0.18860258162021637,-0.02371854893863201,0.6458424925804138,0.1849134862422943,-0.03055424615740776,0.6701880693435669,0.18819376826286316,-0.0299999937415123,0.6863837838172913,0.19352838397026062,-0.030346624553203583,0.6041654348373413,0.21983839571475983,-0.030690068379044533,0.6462599039077759,0.21456414461135864,-0.03586336225271225,0.6697600483894348,0.2167549729347229,-0.03407399356365204,0.6850907206535339,0.2179279774427414,-0.03397655487060547,0.6062906980514526,0.2534978687763214,-0.03702729567885399,0.6389876008033752,0.2507794499397278,-0.04141992703080177,0.6571249961853027,0.25042837858200073,-0.04023754596710205,0.6709542870521545,0.24875345826148987,-0.039864759892225266,8.89240099999995
0.5612801313400269,0.2586614191532135,0.0,0.5691957473754883,0.21074077486991882,0.006713530048727989,0.584405243396759,0.170574352145195,0.004442793317139149,0.5973948240280151,0.1412244737148285,0.0009824768640100956,0.6020734310150146,0.12239361554384232,-0.0025266585871577263,0.599378228187561,0.15796983242034912,-0.012804863974452019,0.6392144560813904,0.15238618850708008,-0.018966807052493095,0.6607398986816406,0.15506257116794586,-0.019286969676613808,0.6751618981361389,0.16069871187210083,-0.018906742334365845,0.6038976907730103,0.1806708574295044,-0.021341221407055855,0.6488137245178223,0.17677998542785645,-0.026859460398554802,0.6728963255882263,0.1791134774684906,-0.025082416832447052,0.6891514658927917,0.18336035311222076,-0.02442229725420475,0.6076956987380981,0.21088656783103943,-0.02840832620859146,0.6496555805206299,0.20468898117542267,-0.032606009393930435,0.6725236177444458,0.20482313632965088,-0.03007590025663376,0.6878898739814758,0.2041560858488083,-0.029432397335767746,0.6100621819496155,0.24417516589164734,-0.03480132296681404,0.6426988244056702,0.2395966798067093,-0.03848932683467865,0.6603307127952576,0.23846974968910217,-0.036727990955114365,0.6736584901809692,0.23628616333007812,-0.03584764525294304,8.946462999999994
0.5619082450866699,0.2573651373386383,0.0,0.5704432129859924,0.20730534195899963,0.008523751981556416,0.5881884098052979,0.17073430120944977,0.007328364998102188,0.6059980988502502,0.1490301787853241,0.0048186588101089,0.6175720691680908,0.13950583338737488,0.002244716975837946,0.5986257791519165,0.15550440549850464,-0.013158881105482578,0.6391233801841736,0.1478315144777298,-0.018762953579425812,0.6605439186096191,0.15028701722621918,-0.0180039219558239,0.6747738718986511,0.1562419831752777,-0.016719425097107887,0.6035167574882507,0.1783362627029419,-0.022132931277155876,0.6487217545509338,0.17118099331855774,-0.027126748114824295,0.6719709634780884,0.17315062880516052,-0.02396666817367077,0.6876072883605957,0.17811524868011475,-0.02221602387726307,0.6080231070518494,0.20885732769966125,-0.02937506139278412,0.6507645845413208,0.20011839270591736,-0.03291594237089157,0.6727662682533264,0.2003137171268463,-0.029251907020807266,0.6871652007102966,0.20113860070705414,-0.02784348838031292,0.6112068295478821,0.24237743020057678,-0.03575318679213524,0.6444994211196899,0.2362138032913208,-0.03902965039014816,0.6623596549034119,0.23384428024291992,-0.036845579743385315,0.6755643486976624,0.23137694597244263,-0.03556983545422554,8.98993310000003
0.5612934827804565,0.25749239325523376,0.0,0.5704661011695862,0.20786772668361664,0.009176179766654968,0.5897617340087891,0.17429710924625397,0.008253540843725204,0.6112306118011475,0.15982578694820404,0.005873935762792826,0.6272441148757935,0.15969321131706238,0.0034391051158308983,0.5985966324806213,0.15364429354667664,-0.012793420813977718,0.6399474143981934,0.14817631244659424,-0.018352534621953964,0.6613081693649292,0.15365400910377502,-0.01757952570915222,0.675119161605835,0.16079266369342804,-0.016387030482292175,0.6036816239356995,0.17560049891471863,-0.022171752527356148,0.6493898630142212,0.16942504048347473,-0.027301233261823654,0.672760546207428,0.17234335839748383,-0.024289807304739952,0.6885277032852173,0.17724843323230743,-0.022734103724360466,0.6081945896148682,0.20619337260723114,-0.02976566180586815,0.6517265439033508,0.19904464483261108,-0.033568866550922394,0.6738391518592834,0.19979020953178406,-0.030267979949712753,0.6885187029838562,0.2004438191652298,-0.029097726568579674,0.6112215518951416,0.24081456661224365,-0.036412425339221954,0.6447113156318665,0.23631072044372559,-0.04004175588488579,0.6628304123878479,0.23436278104782104,-0.038164056837558746,0.6764236688613892,0.23175853490829468,-0.037051182240247726,9.025940300000002
0.560709536075592,0.25858551263809204,0.0,0.570379376411438,0.20838138461112976,0.010746430605649948,0.589564859867096,0.1746683269739151,0.010474967770278454,0.6108891367912292,0.15979579091072083,0.008509324863553047,0.626344621181488,0.15948835015296936,0.0064756013453006744,0.599138617515564,0.15431779623031616,-0.011707410216331482,0.6402770280838013,0.14888200163841248,-0.016776371747255325,0.6618557572364807,0.15486395359039307,-0.015646973624825478,0.6756808757781982,0.16216574609279633,-0.014245870523154736,0.6040794849395752,0.17643895745277405,-0.021687660366296768,0.6500215530395508,0.1707514226436615,-0.02651311829686165,0.6737072467803955,0.17396317422389984,-0.023224204778671265,0.6897085905075073,0.1788720339536667,-0.021484537050127983,0.608562707901001,0.20725691318511963,-0.029688451439142227,0.6525288224220276,0.20020562410354614,-0.03289611265063286,0.6746129989624023,0.20112185180187225,-0.028985872864723206,0.689232587814331,0.20181132853031158,-0.02753819338977337,0.6116739511489868,0.2420153170824051,-0.036615632474422455,0.6459869146347046,0.2370021641254425,-0.03959278017282486,0.6641707420349121,0.2347637414932251,-0.037167347967624664,0.6778813600540161,0.23182794451713562,-0.035753171890974045,9.066065900000012
0.5608097910881042,0.26168930530548096,0.0,0.5704194903373718,0.2110188752412796,0.01046969834715128,0.5891433358192444,0.1768520325422287,0.010082156397402287,0.6102418899536133,0.16149958968162537,0.007960877381265163,0.6260392665863037,0.16108664870262146,0.005787614732980728,0.599107563495636,0.15544232726097107,-0.011442909948527813,0.6403753161430359,0.15018151700496674,-0.01665898971259594,0.6616084575653076,0.1562652289867401,-0.01561378687620163,0.674972414970398,0.16356897354125977,-0.014255266636610031,0.604091227054596,0.1771339476108551,-0.02153301052749157,0.6501515507698059,0.17122027277946472,-0.026513634249567986,0.6737935543060303,0.1748233437538147,-0.023326437920331955,0.6896898746490479,0.1799560934305191,-0.021648840978741646,0.6085525155067444,0.2079436033964157,-0.029748115688562393,0.6523893475532532,0.20098571479320526,-0.033221688121557236,0.6747242212295532,0.2025873214006424,-0.029457589611411095,0.6894977688789368,0.20377779006958008,-0.028052736073732376,0.6116650700569153,0.24333098530769348,-0.03695524111390114,0.6459346413612366,0.23822157084941864,-0.040239620953798294,0.6642070412635803,0.23622643947601318,-0.037991758435964584,0.6779029965400696,0.23355303704738617,-0.036654774099588394,9.101375299999972
0.5591605305671692,0.2637886703014374,0.0,0.5696893334388733,0.21352016925811768,0.013283250853419304,0.5874203443527222,0.17937935888767242,0.013830579817295074,0.607513964176178,0.16260771453380585,0.012521984055638313,0.6219848990440369,0.16139625012874603,0.011346057988703251,0.5977355241775513,0.15577152371406555,-0.011493432335555553,0.6391638517379761,0.1542593538761139,-0.01578395627439022,0.6594468355178833,0.164341539144516,-0.01308187935501337,0.6712994575500488,0.17356012761592865,-0.010536067187786102,0.6020475625991821,0.1772482991218567,-0.02252737618982792,0.649732232093811,0.17179913818836212,-0.02804241143167019,0.6737446784973145,0.17730745673179626,-0.023732837289571762,0.6895970702171326,0.18323774635791779,-0.020813481882214546,0.6063206791877747,0.2084185928106308,-0.03113563358783722,0.6516544222831726,0.2013927400112152,-0.03479691967368126,0.6746439337730408,0.20378053188323975,-0.029542215168476105,0.6898554563522339,0.20517966151237488,-0.026736056432127953,0.6095718741416931,0.24469169974327087,-0.038305554538965225,0.6456502676010132,0.2396126091480255,-0.04086284339427948,0.6644060611724854,0.23781682550907135,-0.037283673882484436,0.678696870803833,0.23505477607250214,-0.0347897931933403,9.14063150000004
0.5573627352714539,0.2657245099544525,0.0,0.5682947039604187,0.21787375211715698,0.011204833164811134,0.5869326591491699,0.1831238567829132,0.010734200477600098,0.606253445148468,0.16480959951877594,0.008400056511163712,0.6191743612289429,0.1596943587064743,0.006215668749064207,0.595799446105957,0.15820083022117615,-0.011580517515540123,0.638006329536438,0.1584053784608841,-0.017402341589331627,0.6585545539855957,0.17157138884067535,-0.016433345153927803,0.6705939173698425,0.18277299404144287,-0.015117472968995571,0.5999247431755066,0.1788095235824585,-0.022482633590698242,0.6479650735855103,0.17498159408569336,-0.028968099504709244,0.6727265119552612,0.18181616067886353,-0.026353420689702034,0.6892643570899963,0.18890219926834106,-0.0248684324324131,0.6040022373199463,0.20960645377635956,-0.031379375606775284,0.6502236723899841,0.2038419097661972,-0.035859569907188416,0.6738879680633545,0.20840442180633545,-0.03197034075856209,0.6899948120117188,0.2109816074371338,-0.030315972864627838,0.6073643565177917,0.24592384696006775,-0.039143774658441544,0.6437982320785522,0.24202942848205566,-0.04268360510468483,0.66326504945755,0.2407539188861847,-0.0400962308049202,0.6786566972732544,0.2377157211303711,-0.038495611399412155,9.174075700000003
0.5566009879112244,0.2684173882007599,0.0,0.5666446685791016,0.22182196378707886,0.009888959117233753,0.5835577845573425,0.18240326642990112,0.008169393986463547,0.596686840057373,0.15160706639289856,0.004305598791688681,0.6008443236351013,0.12725681066513062,0.0005279045435599983,0.5970580577850342,0.16279149055480957,-0.010951208882033825,0.6382737755775452,0.15479686856269836,-0.018053412437438965,0.660150945186615,0.1605638861656189,-0.019361000508069992,0.67387455701828,0.1672976166009903,-0.019862258806824684,0.5996269583702087,0.18287953734397888,-0.02178766205906868,0.6466610431671143,0.17748130857944489,-0.030056456103920937,0.6719651818275452,0.18330097198486328,-0.02996961958706379,0.6887407302856445,0.1901724636554718,-0.030119741335511208,0.6030272841453552,0.21254438161849976,-0.030787266790866852,0.6478298306465149,0.2083836793899536,-0.036932602524757385,0.6724258065223694,0.2134009301662445,-0.034709520637989044,0.6888994574546814,0.21613344550132751,-0.033999696373939514,0.6061660051345825,0.24671177566051483,-0.03881680592894554,0.6413289904594421,0.245676651597023,-0.04326796904206276,0.6597144603729248,0.24556326866149902,-0.04140721634030342,0.6738724708557129,0.2433730512857437,-0.04042744264006615,9.214266899999984
0.5539537072181702,0.27723801136016846,0.0,0.5663134455680847,0.23003068566322327,0.006796197034418583,0.5883333683013916,0.19349581003189087,0.0026831571012735367,0.610978364944458,0.17527414858341217,-0.0030310272704809904,0.6289138793945312,0.16789786517620087,-0.008497336879372597,0.592288613319397,0.16827765107154846,-0.019283795729279518,0.636820912361145,0.1600043922662735,-0.02979576587677002,0.6599782705307007,0.17029732465744019,-0.03223515674471855,0.6745229959487915,0.18122394382953644,-0.033069808036088943,0.5924156308174133,0.1878521591424942,-0.029632795602083206,0.6418437361717224,0.18179985880851746,-0.04117544740438461,0.6679292321205139,0.1899470090866089,-0.04108082875609398,0.6855406761169434,0.19825348258018494,-0.04094795882701874,0.5932701826095581,0.2173224240541458,-0.038227565586566925,0.6396180987358093,0.2133057415485382,-0.04779839515686035,0.6646978259086609,0.21945999562740326,-0.04578506201505661,0.6821306347846985,0.22260011732578278,-0.044617317616939545,0.5945344567298889,0.25119146704673767,-0.045987240970134735,0.6293165683746338,0.2519903779029846,-0.053302355110645294,0.647963285446167,0.25259697437286377,-0.052064571529626846,0.662259042263031,0.25088292360305786,-0.05104472115635872,9.246814100000051
0.5492073893547058,0.28677886724472046,0.0,0.5655039548873901,0.2383454442024231,0.008154929615557194,0.5877779126167297,0.2044750154018402,0.004303130321204662,0.6092414259910583,0.19018372893333435,-0.0015303383115679026,0.6268494725227356,0.18796147406101227,-0.007126350421458483,0.5895648002624512,0.1782120317220688,-0.019703062251210213,0.6326510906219482,0.16799336671829224,-0.03140684589743614,0.6548978090286255,0.17632532119750977,-0.0337572805583477,0.6700674891471863,0.18618477880954742,-0.034169308841228485,0.5871444344520569,0.1982782930135727,-0.03104465641081333,0.6343450546264648,0.18653737008571625,-0.045770470052957535,0.6597345471382141,0.19345013797283173,-0.04570596665143967,0.6770851016044617,0.20236681401729584,-0.04453277215361595,0.5865014791488647,0.227840393781662,-0.04056399688124657,0.6299766302108765,0.22002360224723816,-0.053686294704675674,0.6542788743972778,0.22522997856140137,-0.05124390497803688,0.6712698340415955,0.22884927690029144,-0.048344098031520844,0.5866394639015198,0.2604338526725769,-0.04900716617703438,0.6185559630393982,0.2593383491039276,-0.0578908771276474,0.6358577609062195,0.2570079267024994,-0.05635392665863037,0.6493066549301147,0.2535431981086731,-0.0544133335351944,9.295225800000026
0.5429601073265076,0.29703956842422485,0.0,0.5651625394821167,0.25316694378852844,0.008623200468719006,0.5916008949279785,0.22662289440631866,0.003835945390164852,0.616399347782135,0.22035299241542816,-0.0037589797284454107,0.6345680356025696,0.21935027837753296,-0.011359957978129387,0.5859581232070923,0.19680434465408325,-0.020509149879217148,0.6265928149223328,0.18050801753997803,-0.0342586413025856,0.6478424072265625,0.18833541870117188,-0.03824464604258537,0.6624814867973328,0.19951197504997253,-0.039792127907276154,0.5820804834365845,0.21520212292671204,-0.03368624672293663,0.6236565113067627,0.1980201154947281,-0.050143010914325714,0.6474590301513672,0.20497918128967285,-0.05129294469952583,0.663658082485199,0.21454736590385437,-0.05103315785527229,0.578551709651947,0.2424754649400711,-0.045342981815338135,0.6161959171295166,0.23072314262390137,-0.06045203655958176,0.6390588283538818,0.23353230953216553,-0.059645023196935654,0.6555537581443787,0.23677238821983337,-0.05787213519215584,0.5759593844413757,0.2741125524044037,-0.055909182876348495,0.6018256545066833,0.27292048931121826,-0.06701717525720596,0.6173104047775269,0.2691441774368286,-0.06712288409471512,0.629776656627655,0.2650645077228546,-0.06630761921405792,9.332327599999985
0.5376957654953003,0.30830371379852295,0.0,0.5675593614578247,0.2752836346626282,0.0076263053342700005,0.5962724685668945,0.25118300318717957,0.0018359702080488205,0.6214898228645325,0.24289000034332275,-0.006883759517222643,0.6398130059242249,0.2358923703432083,-0.01599961519241333,0.5810781121253967,0.21653063595294952,-0.023019740357995033,0.6197216510772705,0.19810578227043152,-0.03808407485485077,0.6390771269798279,0.20706236362457275,-0.043463025242090225,0.6513511538505554,0.2186385691165924,-0.04632264003157616,0.5742587447166443,0.23443590104579926,-0.03655986115336418,0.6135429739952087,0.2213006317615509,-0.05328665301203728,0.6352131366729736,0.23108039796352386,-0.05583563819527626,0.6496943235397339,0.24116460978984833,-0.05742425099015236,0.5672523379325867,0.2601494789123535,-0.04852687567472458,0.6020399928092957,0.2541653513908386,-0.06467819958925247,0.623471736907959,0.26321670413017273,-0.06565193831920624,0.6388503313064575,0.27242377400398254,-0.06569654494524002,0.5621951222419739,0.2923613488674164,-0.05942319333553314,0.5825955271720886,0.29660293459892273,-0.07240215688943863,0.5951979756355286,0.29917722940444946,-0.07381904125213623,0.6049782037734985,0.30145883560180664,-0.07414838671684265,9.364949300000035
0.537714421749115,0.3250833749771118,0.0,0.5709728002548218,0.2949669063091278,0.004233002196997404,0.5999477505683899,0.26467421650886536,-0.0027926464099437,0.6235218048095703,0.2513343393802643,-0.012453615665435791,0.6423555016517639,0.24243666231632233,-0.0221012681722641,0.579767107963562,0.23862440884113312,-0.022933457046747208,0.6125825047492981,0.2331823706626892,-0.036760129034519196,0.6229984760284424,0.24619421362876892,-0.04145918786525726,0.6282320022583008,0.24949240684509277,-0.04404613748192787,0.567841649055481,0.25880494713783264,-0.034694235771894455,0.6003311276435852,0.2601543068885803,-0.05064898356795311,0.6130344867706299,0.2686578333377838,-0.05136507749557495,0.6195062398910522,0.2690123915672302,-0.05141802877187729,0.5564252734184265,0.28581172227859497,-0.045008786022663116,0.585084080696106,0.2882668077945709,-0.05846415460109711,0.5972948670387268,0.29056140780448914,-0.05367599055171013,0.6028415560722351,0.2882886528968811,-0.05037747323513031,0.5484622716903687,0.3161013722419739,-0.055077917873859406,0.567674458026886,0.3202016353607178,-0.06529049575328827,0.5772653818130493,0.3142719864845276,-0.06276030093431473,0.5826944708824158,0.30581894516944885,-0.06033604219555855,9.41210860000001
0.4340633153915405,0.582003116607666,0.0,0.4104540944099426,0.5490671992301941,-0.014644386246800423,0.3872000575065613,0.537034273147583,-0.032681871205568314,0.37384089827537537,0.5449774861335754,-0.049059171229600906,0.3679419159889221,0.5597511529922485,-0.06783857196569443,0.3702097237110138,0.5980635285377502,-0.05698109790682793,0.34496912360191345,0.6192041635513306,-0.08904051780700684,0.32426998019218445,0.6346877217292786,-0.11209612339735031,0.3090460002422333,0.6491380333900452,-0.12846724689006805,0.3821335434913635,0.6071557402610779,-0.06576361507177353,0.35458463430404663,0.6241555213928223,-0.10315557569265366,0.33028483390808105,0.6401946544647217,-0.12958019971847534,0.30936187505722046,0.6574607491493225,-0.1497538834810257,0.3989771902561188,0.6104385852813721,-0.07373499125242233,0.3802894055843353,0.624587893486023,-0.11148029565811157,0.3641037046909332,0.6396431922912598,-0.13612815737724304,0.3483865261077881,0.6532331705093384,-0.15220724046230316,0.4184720516204834,0.6100736260414124,-0.08088464289903641,0.4137954115867615,0.6274076700210571,-0.11327614635229111,0.4081854820251465,0.6442061066627502,-0.13171160221099854,0.3996507227420807,0.6601089239120483,-0.14535628259181976,9.656447400000047
0.36594831943511963,0.6359649896621704,0.0,0.3904019594192505,0.6599700450897217,-0.03934648260474205,0.39805859327316284,0.6856508255004883,-0.06890371441841125,0.4001578688621521,0.6953287124633789,-0.08933833986520767,0.4022112190723419,0.6894437670707703,-0.11046501249074936,0.37122341990470886,0.6862589120864868,-0.09237580746412277,0.34928464889526367,0.7136833071708679,-0.12122687697410583,0.3330944776535034,0.7322240471839905,-0.139388307929039,0.3163449168205261,0.7474462389945984,-0.1520344316959381,0.34674686193466187,0.6743901968002319,-0.07944677770137787,0.3154866695404053,0.7086074948310852,-0.11192692816257477,0.2895151972770691,0.7353184223175049,-0.13246607780456543,0.26654136180877686,0.7557991743087769,-0.14831489324569702,0.3306395709514618,0.6687133312225342,-0.06373784691095352,0.3012409508228302,0.700889527797699,-0.08717278391122818,0.280437707901001,0.72359299659729,-0.10349074006080627,0.26227083802223206,0.7405061721801758,-0.11563555151224136,0.3203016221523285,0.6661689877510071,-0.04912750422954559,0.3008629381656647,0.6927509903907776,-0.06487221270799637,0.28769513964653015,0.7118569016456604,-0.07663863897323608,0.2764890193939209,0.727817714214325,-0.08665330708026886,9.784256099999993
0.366318941116333,0.6282017230987549,0.0,0.38771840929985046,0.6554946899414062,-0.039458345621824265,0.39478281140327454,0.6882242560386658,-0.06517582386732101,0.3917541801929474,0.7147298455238342,-0.08064039051532745,0.38660335540771484,0.7347509860992432,-0.09590096771717072,0.36638176441192627,0.6863175630569458,-0.08809448778629303,0.3421788811683655,0.719518780708313,-0.11019419133663177,0.32482466101646423,0.7423396110534668,-0.12004844099283218,0.30982524156570435,0.7608473896980286,-0.12585347890853882,0.34440717101097107,0.6757747530937195,-0.07222297042608261,0.3160286545753479,0.7093955278396606,-0.09736669063568115,0.2953545153141022,0.7390617728233337,-0.10779938101768494,0.2797091007232666,0.7623146772384644,-0.1148589700460434,0.32859185338020325,0.6707554459571838,-0.05415382981300354,0.3034321665763855,0.7047691941261292,-0.0756690576672554,0.28642451763153076,0.7314757108688354,-0.08658535033464432,0.2743087410926819,0.7520685791969299,-0.09305250644683838,0.3195839524269104,0.6719937324523926,-0.03701861947774887,0.30241459608078003,0.6985196471214294,-0.05197533965110779,0.29080888628959656,0.7171567678451538,-0.06066599860787392,0.28265273571014404,0.7326761484146118,-0.06691309064626694,9.825396400000045
0.3661743402481079,0.638189971446991,0.0,0.3859291970729828,0.6623156666755676,-0.0428832545876503,0.3919393718242645,0.6923663020133972,-0.07042283564805984,0.3892018496990204,0.7211872339248657,-0.08653872460126877,0.38725072145462036,0.7437080144882202,-0.1027376651763916,0.3649196922779083,0.6945247650146484,-0.09645730257034302,0.341301828622818,0.7292218804359436,-0.1219409629702568,0.3229108154773712,0.7533410787582397,-0.13491052389144897,0.3067576289176941,0.7732385396957397,-0.1428389549255371,0.34361785650253296,0.6889033913612366,-0.07858743518590927,0.3172490894794464,0.719738245010376,-0.10643057525157928,0.29561978578567505,0.7480534315109253,-0.11882785707712173,0.2782137393951416,0.7704485058784485,-0.12764059007167816,0.32772547006607056,0.6847046613693237,-0.05842212215065956,0.30446475744247437,0.7143632173538208,-0.08199015259742737,0.28791362047195435,0.7389010190963745,-0.09425517916679382,0.2753239572048187,0.7576122283935547,-0.10183845460414886,0.3184983730316162,0.6842799186706543,-0.039275143295526505,0.3026916980743408,0.706149697303772,-0.056374453008174896,0.29135817289352417,0.7232617139816284,-0.06633149832487106,0.2824642062187195,0.737780749797821,-0.07342863082885742,9.87322770000003
0.36274486780166626,0.6361939907073975,0.0,0.3850310742855072,0.6554887294769287,-0.04014118015766144,0.3973824083805084,0.6823283433914185,-0.06700240820646286,0.4051235318183899,0.705544114112854,-0.08431731909513474,0.41344791650772095,0.7228417992591858,-0.10205722600221634,0.36450234055519104,0.6859555840492249,-0.08617547899484634,0.34464406967163086,0.7173581719398499,-0.11028023809194565,0.32821476459503174,0.7401525974273682,-0.12360025942325592,0.3139919340610504,0.760158121585846,-0.13210810720920563,0.34397760033607483,0.6809039115905762,-0.07122219353914261,0.3175794780254364,0.714293360710144,-0.09667227417230606,0.29688459634780884,0.7440149188041687,-0.10997895151376724,0.28076171875,0.7681251764297485,-0.11987648159265518,0.3300926685333252,0.6781205534934998,-0.054605819284915924,0.30623915791511536,0.7122552990913391,-0.07648702710866928,0.29019618034362793,0.7389589548110962,-0.08988289535045624,0.2782963514328003,0.7587993741035461,-0.09861838817596436,0.32289326190948486,0.6795718669891357,-0.03914494067430496,0.3064582645893097,0.7057543396949768,-0.055314794182777405,0.294878214597702,0.7270655632019043,-0.06587495654821396,0.2862224578857422,0.744027853012085,-0.0738207995891571,9.906223400000044
0.36745887994766235,0.6213212013244629,0.0,0.3921615183353424,0.6418789625167847,-0.043134115636348724,0.40584081411361694,0.6717414855957031,-0.07409575581550598,0.41659656167030334,0.6956723928451538,-0.09475699067115784,0.42854785919189453,0.7080084681510925,-0.11585919559001923,0.37269455194473267,0.6688653230667114,-0.09826359897851944,0.35236790776252747,0.7004507780075073,-0.12737593054771423,0.33563658595085144,0.7219294309616089,-0.14394690096378326,0.32059454917907715,0.7398812770843506,-0.15500056743621826,0.34982138872146606,0.6691182255744934,-0.08320318162441254,0.3211403489112854,0.7096335887908936,-0.11583217233419418,0.2967667877674103,0.7429051399230957,-0.13346758484840393,0.27752962708473206,0.7692879438400269,-0.14668205380439758,0.33508622646331787,0.6705741286277771,-0.06569897383451462,0.3094502091407776,0.7113704681396484,-0.09080950915813446,0.28948530554771423,0.7414743304252625,-0.105755515396595,0.2738623023033142,0.7641586065292358,-0.11616486310958862,0.32633212208747864,0.674575686454773,-0.04941920191049576,0.30849283933639526,0.706641674041748,-0.06724616140127182,0.29330527782440186,0.730766236782074,-0.07904732972383499,0.2812700867652893,0.7511935234069824,-0.08842036128044128,9.951035400000023
0.5012137293815613,0.40095725655555725,0.0,0.5248343348503113,0.36011824011802673,-0.008115160278975964,0.555321216583252,0.35974395275115967,-0.023508302867412567,0.5764256715774536,0.3978646397590637,-0.03575160354375839,0.5833573341369629,0.4350802004337311,-0.04699012637138367,0.5278997421264648,0.3485557734966278,-0.06126484274864197,0.5735768675804138,0.39203450083732605,-0.07821142673492432,0.5774058103561401,0.4062054753303528,-0.07891783863306046,0.5711671710014343,0.4053856432437897,-0.07701604813337326,0.5143383741378784,0.39250826835632324,-0.06473047286272049,0.5648829936981201,0.4396038055419922,-0.08331391215324402,0.5735140442848206,0.4390333294868469,-0.07785844057798386,0.5701854825019836,0.42905116081237793,-0.07283034175634384,0.508499264717102,0.4340572655200958,-0.06497695297002792,0.5560939311981201,0.4722185432910919,-0.07598767429590225,0.5665745735168457,0.4698254466056824,-0.06449039280414581,0.564904510974884,0.460120290517807,-0.05720571428537369,0.5076745748519897,0.46735695004463196,-0.06506097316741943,0.5464000105857849,0.49250510334968567,-0.07063879072666168,0.5561239719390869,0.4856123924255371,-0.06329099833965302,0.5556808710098267,0.47554007172584534,-0.05825624242424965,10.211698700000056
0.4953840970993042,0.3973197042942047,0.0,0.5164328813552856,0.3621763288974762,-0.0011285655200481415,0.5435131788253784,0.3536812365055084,-0.010051971301436424,0.5662071108818054,0.35979321599006653,-0.01841418631374836,0.5831272602081299,0.3697032034397125,-0.027044372633099556,0.5417124032974243,0.3365342915058136,-0.03168497607111931,0.5729697942733765,0.3463515639305115,-0.04430714249610901,0.59517902135849,0.3570376932621002,-0.05005813017487526,0.6108493208885193,0.3667067885398865,-0.05335032939910889,0.53628009557724,0.3613602817058563,-0.03727182745933533,0.5709685683250427,0.3821463882923126,-0.05022016912698746,0.5943512320518494,0.3931363523006439,-0.05295290797948837,0.6112957000732422,0.3984403908252716,-0.05532865971326828,0.5307236909866333,0.3916930854320526,-0.04100660979747772,0.5642130374908447,0.4168383777141571,-0.05160713940858841,0.5864973664283752,0.4249189496040344,-0.052470650523900986,0.602545440196991,0.426172137260437,-0.05374728515744209,0.5252459645271301,0.4198771119117737,-0.044112954288721085,0.5491008758544922,0.44576892256736755,-0.052098970860242844,0.5643554329872131,0.45493176579475403,-0.052425820380449295,0.5767553448677063,0.4569399654865265,-0.05309334769845009,10.24831770000003
0.5022884607315063,0.3776296079158783,0.0,0.522174596786499,0.34192121028900146,0.003670638194307685,0.5457947254180908,0.32728874683380127,-0.0006541625480167568,0.5651587247848511,0.3235868811607361,-0.006101573351770639,0.5797444581985474,0.32495224475860596,-0.011992029845714569,0.5500940084457397,0.31142857670783997,-0.015049312263727188,0.5799680352210999,0.3275966942310333,-0.023458000272512436,0.5993070006370544,0.3375912010669708,-0.027967482805252075,0.6148342490196228,0.3440386950969696,-0.03085372969508171,0.5485312342643738,0.3296593725681305,-0.022718945518136024,0.5830886363983154,0.3504377007484436,-0.031119681894779205,0.6070696115493774,0.3636213541030884,-0.034489184617996216,0.6264534592628479,0.37082502245903015,-0.037767473608255386,0.546513020992279,0.35562947392463684,-0.029087118804454803,0.5824448466300964,0.37456580996513367,-0.03497529774904251,0.6038886308670044,0.38777345418930054,-0.03606943041086197,0.6206749081611633,0.3937414884567261,-0.038357045501470566,0.5435271263122559,0.3819328546524048,-0.03499699383974075,0.5712490081787109,0.399621844291687,-0.03946299105882645,0.5873162746429443,0.4107310175895691,-0.03935758024454117,0.6008868217468262,0.41627949476242065,-0.04024505987763405,10.283959900000013
0.5523202419281006,0.26992684602737427,0.0,0.5633150339126587,0.22750921547412872,0.001959127839654684,0.589251697063446,0.2032555788755417,-0.0027034457307308912,0.6134392023086548,0.20035311579704285,-0.007574329152703285,0.6311751008033752,0.20288661122322083,-0.012705896981060505,0.592610239982605,0.1898188591003418,-0.018350981175899506,0.6273521780967712,0.19830697774887085,-0.02661827579140663,0.648198127746582,0.20360755920410156,-0.02963387779891491,0.6634721159934998,0.20736239850521088,-0.031104398891329765,0.5928267240524292,0.21418920159339905,-0.024346429854631424,0.6338341236114502,0.22168241441249847,-0.03289220109581947,0.6576181650161743,0.22636131942272186,-0.03406022489070892,0.6755422949790955,0.22990605235099792,-0.035122547298669815,0.5936118960380554,0.24595987796783447,-0.029025793075561523,0.6351557374000549,0.2508603036403656,-0.03572492673993111,0.6559706926345825,0.2554128170013428,-0.03491611033678055,0.671115517616272,0.25619956851005554,-0.034841958433389664,0.59367835521698,0.28009867668151855,-0.03321034461259842,0.6266154646873474,0.2877666652202606,-0.038229625672101974,0.644904613494873,0.29354971647262573,-0.03728538751602173,0.6589497327804565,0.2964537441730499,-0.03663141280412674,10.424389799999972
0.5594525933265686,0.26263269782066345,0.0,0.5706862807273865,0.21883387863636017,0.005309435538947582,0.5931748151779175,0.19300121068954468,0.0012372831115499139,0.6147016882896423,0.18250055611133575,-0.0032916851341724396,0.6303360462188721,0.18177437782287598,-0.00823414046317339,0.5976933240890503,0.17236030101776123,-0.019305087625980377,0.6304956078529358,0.1713058352470398,-0.027210844680666924,0.6541730761528015,0.17161116003990173,-0.03005317784845829,0.6728430986404419,0.17326833307743073,-0.031621579080820084,0.6001447439193726,0.19441041350364685,-0.026685697957873344,0.6406606435775757,0.1986084282398224,-0.03505847603082657,0.6684778928756714,0.20217153429985046,-0.03650565445423126,0.6898225545883179,0.2055777609348297,-0.038050685077905655,0.6027588248252869,0.22622989118099213,-0.03201683610677719,0.644254744052887,0.2282097339630127,-0.038516782224178314,0.6689517498016357,0.2318643182516098,-0.038136277347803116,0.686854898929596,0.2326986938714981,-0.03872095048427582,0.6049715280532837,0.2594192326068878,-0.03631079941987991,0.6386353969573975,0.263286292552948,-0.04101170599460602,0.6579817533493042,0.266081303358078,-0.040087126195430756,0.6737565398216248,0.2664526402950287,-0.039850812405347824,10.462039799999957
0.5647836327552795,0.2545318007469177,0.0,0.5749916434288025,0.2105032354593277,0.005647124722599983,0.5960275530815125,0.17987030744552612,0.0017417947528883815,0.6148726344108582,0.1601283848285675,-0.002804788760840893,0.6248254179954529,0.14634282886981964,-0.007728917524218559,0.6023962497711182,0.1622055172920227,-0.020024899393320084,0.6398005485534668,0.16085362434387207,-0.027722839266061783,0.6631696820259094,0.1657479852437973,-0.029938388615846634,0.6800723671913147,0.17056769132614136,-0.031231718137860298,0.6045475602149963,0.18679650127887726,-0.027950573712587357,0.6488943099975586,0.19011655449867249,-0.03558177500963211,0.6753126382827759,0.19699698686599731,-0.036006901413202286,0.6937505602836609,0.20238088071346283,-0.03717128932476044,0.6076895594596863,0.21991552412509918,-0.033744361251592636,0.6515092849731445,0.2199680507183075,-0.03904002532362938,0.6761676669120789,0.22529110312461853,-0.037915412336587906,0.693092942237854,0.22726492583751678,-0.038580987602472305,0.6105776429176331,0.2545844614505768,-0.03857230395078659,0.6454062461853027,0.2561887800693512,-0.04272407293319702,0.6638496518135071,0.2586231529712677,-0.04149439558386803,0.6781687140464783,0.25856760144233704,-0.04136887192726135,10.496722900000009
0.5684093832969666,0.24913668632507324,0.0,0.5773777365684509,0.2062971442937851,0.0074447630904614925,0.5972720384597778,0.17270636558532715,0.005217254161834717,0.614882230758667,0.14959394931793213,0.001969862962141633,0.6233307719230652,0.13543984293937683,-0.0014592010993510485,0.6061154007911682,0.157939150929451,-0.016491107642650604,0.6459349989891052,0.15467117726802826,-0.02361576072871685,0.6676967144012451,0.16100573539733887,-0.023925529792904854,0.6817212700843811,0.16991066932678223,-0.02343834936618805,0.608917236328125,0.18222126364707947,-0.025256063789129257,0.6546725034713745,0.18161466717720032,-0.032236166298389435,0.6789979338645935,0.18757697939872742,-0.030502615496516228,0.6947591304779053,0.19488345086574554,-0.029686788097023964,0.6119605898857117,0.21429316699504852,-0.03216727450489998,0.6555802226066589,0.21112579107284546,-0.037874575704336166,0.6789358258247375,0.21533453464508057,-0.035387344658374786,0.6939517855644226,0.21832899749279022,-0.034436825662851334,0.6142988801002502,0.24867486953735352,-0.03808097541332245,0.6476485133171082,0.24831832945346832,-0.04329381883144379,0.6662216186523438,0.24895700812339783,-0.04199129343032837,0.6802606582641602,0.24808891117572784,-0.04108843579888344,10.541214400000058
0.569296658039093,0.2491077482700348,0.0,0.5773020386695862,0.20453958213329315,0.008620843291282654,0.5950806736946106,0.16722258925437927,0.007339117117226124,0.6110881567001343,0.139045849442482,0.004674175754189491,0.6177718043327332,0.12236102670431137,0.00177569140214473,0.6076571345329285,0.15484386682510376,-0.013831337913870811,0.6474334597587585,0.14852803945541382,-0.019969839602708817,0.6686888337135315,0.15338078141212463,-0.01979832537472248,0.6823136806488037,0.16146157681941986,-0.019098618999123573,0.6115845441818237,0.1780276596546173,-0.023015135899186134,0.6569058299064636,0.1755800098180771,-0.028858114033937454,0.680560827255249,0.18139305710792542,-0.02665380947291851,0.6955852508544922,0.18903164565563202,-0.025609217584133148,0.615234375,0.2095598429441452,-0.03036615625023842,0.6580983400344849,0.20573905110359192,-0.03507637977600098,0.6814093589782715,0.21077342331409454,-0.03221376985311508,0.6958774328231812,0.21502505242824554,-0.031195178627967834,0.6177538633346558,0.24386991560459137,-0.0367223285138607,0.65130615234375,0.24306181073188782,-0.04116755723953247,0.6694999933242798,0.2442326843738556,-0.03954729437828064,0.6826988458633423,0.24438819289207458,-0.038528263568878174,10.577850699999999
0.5691125988960266,0.25000691413879395,0.0,0.5777251124382019,0.2025904804468155,0.010024454444646835,0.5974492430686951,0.17047128081321716,0.009381646290421486,0.6186259984970093,0.15640175342559814,0.007265227846801281,0.6329343914985657,0.1582234799861908,0.004948294255882502,0.6084122657775879,0.1533510386943817,-0.013793311081826687,0.6490813493728638,0.14615947008132935,-0.019473953172564507,0.6702747941017151,0.1518714725971222,-0.018632736057043076,0.6836233735084534,0.1609688401222229,-0.017325004562735558,0.6126499772071838,0.17664176225662231,-0.02320481836795807,0.6585237979888916,0.17365974187850952,-0.028478430584073067,0.6815608739852905,0.17962238192558289,-0.025352617725729942,0.6960722804069519,0.18764789402484894,-0.02356661856174469,0.6163437366485596,0.207753524184227,-0.030585477128624916,0.6594687700271606,0.20407187938690186,-0.034438129514455795,0.6820090413093567,0.20881915092468262,-0.030914008617401123,0.6960554122924805,0.2130555659532547,-0.02948908507823944,0.6186603903770447,0.24142514169216156,-0.036860935389995575,0.6521610021591187,0.2393057942390442,-0.0405646413564682,0.6703064441680908,0.2392255961894989,-0.038646284490823746,0.6834227442741394,0.23830284178256989,-0.03737566992640495,10.617188000000056
0.5689086318016052,0.251740038394928,0.0,0.5782079696655273,0.2026689350605011,0.01111587043851614,0.5976563096046448,0.17136479914188385,0.011174923740327358,0.6195449233055115,0.1594642698764801,0.009706190787255764,0.6348140835762024,0.16300545632839203,0.008047462441027164,0.6088045835494995,0.15152299404144287,-0.012498210184276104,0.6500438451766968,0.1462159901857376,-0.017155325040221214,0.6706184148788452,0.15133574604988098,-0.015144784934818745,0.6830579042434692,0.15920943021774292,-0.013001821003854275,0.6134663820266724,0.17476029694080353,-0.022163255140185356,0.6598095297813416,0.17044827342033386,-0.02675362303853035,0.6820669770240784,0.1755625456571579,-0.02252070978283882,0.695708155632019,0.1821681410074234,-0.01979568786919117,0.6175237894058228,0.20586161315441132,-0.02974330633878708,0.6610932350158691,0.2002134621143341,-0.03310397267341614,0.6832571625709534,0.20326338708400726,-0.028719812631607056,0.6969566941261292,0.20575959980487823,-0.026571711525321007,0.6199591159820557,0.24040429294109344,-0.03613074868917465,0.6542526483535767,0.23590031266212463,-0.03941797837615013,0.6723845601081848,0.23478205502033234,-0.036927808076143265,0.685366690158844,0.23297138512134552,-0.0351228266954422,10.649985900000047
0.5690029859542847,0.253303200006485,0.0,0.57820725440979,0.2020495980978012,0.01141380425542593,0.5972110629081726,0.16936536133289337,0.011928286403417587,0.6189812421798706,0.1573958545923233,0.010763333179056644,0.6344144344329834,0.1610090136528015,0.009461624547839165,0.6076216697692871,0.14776092767715454,-0.010737540200352669,0.6483635306358337,0.14421984553337097,-0.014812408946454525,0.6681264638900757,0.15131090581417084,-0.012340564280748367,0.6800398230552673,0.16008535027503967,-0.00991547666490078,0.6132899522781372,0.17018651962280273,-0.02063092589378357,0.6590386629104614,0.1666860729455948,-0.024318035691976547,0.6808748841285706,0.17216867208480835,-0.01949339546263218,0.6947476863861084,0.17881515622138977,-0.016597285866737366,0.617912232875824,0.20113617181777954,-0.028613848611712456,0.6611403822898865,0.1961221694946289,-0.03134804591536522,0.6824592351913452,0.19919095933437347,-0.026735572144389153,0.6962361931800842,0.2014404833316803,-0.02462686039507389,0.6206263303756714,0.23687595129013062,-0.03546568751335144,0.6544889211654663,0.23267515003681183,-0.0386398583650589,0.6725274324417114,0.23152963817119598,-0.03618750721216202,0.6858096122741699,0.22943846881389618,-0.03446526452898979,10.69361379999998
0.5695263147354126,0.25379082560539246,0.0,0.5787394642829895,0.20261375606060028,0.010848688893020153,0.5974181890487671,0.16911184787750244,0.010885315015912056,0.6188502311706543,0.15580862760543823,0.009264813736081123,0.6347183585166931,0.15763892233371735,0.007597483694553375,0.6070060133934021,0.14763183891773224,-0.011269151233136654,0.6485323309898376,0.143538236618042,-0.01588618941605091,0.6687260270118713,0.1504160761833191,-0.01392479706555605,0.6808280944824219,0.15916436910629272,-0.011848063208162785,0.61275714635849,0.1696295440196991,-0.02115023322403431,0.6589096784591675,0.16483832895755768,-0.025578295812010765,0.6808968782424927,0.16982795298099518,-0.021317176520824432,0.6948539018630981,0.1764380782842636,-0.018745142966508865,0.6177351474761963,0.20032712817192078,-0.029147827997803688,0.6614806056022644,0.19418860971927643,-0.03242620453238487,0.6829125881195068,0.19621185958385468,-0.02816629409790039,0.6967096924781799,0.1980113387107849,-0.026215635240077972,0.6209671497344971,0.23592019081115723,-0.03606798127293587,0.6549956202507019,0.23130066692829132,-0.03950111195445061,0.6733535528182983,0.23005898296833038,-0.037188488990068436,0.6868456602096558,0.2283410131931305,-0.035562705248594284,10.726835400000027
0.5692046284675598,0.2533110976219177,0.0,0.5793048739433289,0.20212788879871368,0.010800153948366642,0.5979292392730713,0.1686554253101349,0.010843460448086262,0.6195824146270752,0.15564295649528503,0.009301206097006798,0.6353440284729004,0.15804550051689148,0.007832210510969162,0.6068702936172485,0.14617635309696198,-0.011523970402777195,0.6480692625045776,0.14426247775554657,-0.015903761610388756,0.6674178242683411,0.15367357432842255,-0.013806164264678955,0.6786291599273682,0.16229821741580963,-0.01173266489058733,0.6121824979782104,0.16814836859703064,-0.02142355404794216,0.6582211852073669,0.16425661742687225,-0.02581319771707058,0.6807937026023865,0.16930794715881348,-0.021760305389761925,0.695520281791687,0.17500604689121246,-0.01948619820177555,0.6168509721755981,0.19913871586322784,-0.029340410605072975,0.6607440710067749,0.1938323974609375,-0.0322301872074604,0.682353675365448,0.19581879675388336,-0.027937980368733406,0.69655442237854,0.1967877894639969,-0.026170194149017334,0.6201078295707703,0.23526184260845184,-0.036177296191453934,0.6546143889427185,0.23111140727996826,-0.039095908403396606,0.6730278134346008,0.22997350990772247,-0.03654590621590614,0.6868095397949219,0.2278854250907898,-0.03491152450442314,10.767002899999966
0.5689767003059387,0.2540462911128998,0.0,0.5781540870666504,0.2041568011045456,0.010512074455618858,0.5959513187408447,0.1700153946876526,0.010361152701079845,0.616059422492981,0.153989776968956,0.008531104773283005,0.6306930184364319,0.15265201032161713,0.006736095063388348,0.6070652008056641,0.14887866377830505,-0.011152689345180988,0.648422360420227,0.14304524660110474,-0.016208725050091743,0.669032871723175,0.15056821703910828,-0.015037859790027142,0.6814371347427368,0.1600431501865387,-0.013564011082053185,0.61210697889328,0.17088767886161804,-0.02098998613655567,0.6579464673995972,0.1652902215719223,-0.026270372793078423,0.6806864738464355,0.16968213021755219,-0.023286879062652588,0.6952979564666748,0.17596694827079773,-0.021544070914387703,0.6167770028114319,0.201827272772789,-0.02890295535326004,0.6601715087890625,0.19516104459762573,-0.032502032816410065,0.6821897029876709,0.19649016857147217,-0.028910288587212563,0.6964438557624817,0.19759416580200195,-0.027456345036625862,0.6201182007789612,0.2374206930398941,-0.03578115999698639,0.6541388630867004,0.23248760402202606,-0.039090245962142944,0.6724421381950378,0.2303435206413269,-0.0369289331138134,0.6859384775161743,0.22763173282146454,-0.03553524240851402,10.80361270000003
0.567765474319458,0.2569166421890259,0.0,0.5763733386993408,0.2054721713066101,0.012031554244458675,0.593406617641449,0.1708524227142334,0.012850017286837101,0.6129642724990845,0.15446880459785461,0.011769384145736694,0.6273921728134155,0.1541045904159546,0.010628649964928627,0.6065502762794495,0.15004383027553558,-0.00901726633310318,0.6473992466926575,0.14499525725841522,-0.013055907562375069,0.667735755443573,0.1525488942861557,-0.01127252634614706,0.6802492737770081,0.16142725944519043,-0.00947592407464981,0.6120584607124329,0.17178045213222504,-0.019357921555638313,0.657808780670166,0.1667056381702423,-0.023537399247288704,0.6804256439208984,0.17129601538181305,-0.019996199756860733,0.695073127746582,0.17732858657836914,-0.01801552064716816,0.6169593334197998,0.20237694680690765,-0.027691496536135674,0.6602680683135986,0.19639424979686737,-0.030277710407972336,0.6822670698165894,0.1982777863740921,-0.026249853894114494,0.6965336799621582,0.19963780045509338,-0.024735858663916588,0.6202831268310547,0.23802147805690765,-0.03490777313709259,0.6547723412513733,0.23309531807899475,-0.03754664957523346,0.6730638146400452,0.2315819412469864,-0.03507659211754799,0.686528205871582,0.22923138737678528,-0.033581145107746124,10.844209100000057
0.5667234659194946,0.25827205181121826,0.0,0.5768115520477295,0.20728980004787445,0.01268521137535572,0.5945950746536255,0.1730198860168457,0.013354750350117683,0.6144742965698242,0.15723706781864166,0.012108540162444115,0.6290661692619324,0.1576954424381256,0.010890964418649673,0.6054808497428894,0.15056443214416504,-0.01059822179377079,0.647257924079895,0.1489478498697281,-0.014931422658264637,0.6670528054237366,0.15949125587940216,-0.012628183700144291,0.6785242557525635,0.1696086823940277,-0.010396583005785942,0.610068142414093,0.17226099967956543,-0.021526215597987175,0.6571792960166931,0.16749250888824463,-0.026440199464559555,0.6800264120101929,0.17375481128692627,-0.022306064143776894,0.694750964641571,0.18098482489585876,-0.01976003684103489,0.6144244074821472,0.20314346253871918,-0.030276888981461525,0.6592915654182434,0.19706623256206512,-0.03343837335705757,0.6818881630897522,0.20088540017604828,-0.028694141656160355,0.6967943906784058,0.2037513107061386,-0.026521846652030945,0.6177013516426086,0.23947282135486603,-0.03776252269744873,0.6536421775817871,0.2344762682914734,-0.04063202440738678,0.6726594567298889,0.23317191004753113,-0.03774294629693031,0.6871200799942017,0.2311275154352188,-0.035839471966028214,10.880392799999981
0.5640525817871094,0.26082146167755127,0.0,0.574430525302887,0.2112291306257248,0.012287995778024197,0.5931159853935242,0.17698660492897034,0.012839555740356445,0.6131241321563721,0.1580335795879364,0.011319143697619438,0.6275196075439453,0.1495431512594223,0.009926450438797474,0.6038984656333923,0.1547873467206955,-0.00952319335192442,0.6456902027130127,0.15192487835884094,-0.014571658335626125,0.6658623814582825,0.1634446531534195,-0.013221938163042068,0.6774028539657593,0.17416203022003174,-0.011654075235128403,0.6077672243118286,0.175820991396904,-0.020407820120453835,0.6552796363830566,0.17095035314559937,-0.02695302478969097,0.6791884899139404,0.1777641922235489,-0.02455160953104496,0.6943604946136475,0.18506526947021484,-0.022846585139632225,0.6118448376655579,0.20679433643817902,-0.029162589460611343,0.6574773788452148,0.2028682976961136,-0.033654000610113144,0.6808489561080933,0.2084028422832489,-0.029757846146821976,0.6960219144821167,0.21184837818145752,-0.027772290632128716,0.6151675581932068,0.24280597269535065,-0.03668496757745743,0.6516328454017639,0.23992455005645752,-0.039981335401535034,0.6703066825866699,0.23830822110176086,-0.037315864115953445,0.6844074726104736,0.2351837307214737,-0.035491857677698135,10.92122919999997
0.5615644454956055,0.2658085227012634,0.0,0.572920024394989,0.2174232304096222,0.012387944385409355,0.5926124453544617,0.18391931056976318,0.012515276670455933,0.6130107641220093,0.16690796613693237,0.010165698826313019,0.6285444498062134,0.16035696864128113,0.007922799326479435,0.6022017598152161,0.15965794026851654,-0.008716432377696037,0.6436150074005127,0.15284349024295807,-0.015093931928277016,0.6644508838653564,0.1624421626329422,-0.015280177816748619,0.6770051717758179,0.17204152047634125,-0.014742053113877773,0.6055703163146973,0.17943540215492249,-0.020237188786268234,0.6532058119773865,0.17574933171272278,-0.028123769909143448,0.6781966090202332,0.1831572949886322,-0.027007734403014183,0.6943860650062561,0.19060708582401276,-0.026170313358306885,0.6094628572463989,0.20936472713947296,-0.029773864895105362,0.6550709009170532,0.20756244659423828,-0.03564179316163063,0.6789056658744812,0.21444253623485565,-0.032485734671354294,0.6946679353713989,0.21861720085144043,-0.03084566630423069,0.6129932403564453,0.24390363693237305,-0.038147568702697754,0.6491681337356567,0.2437075674533844,-0.04223166033625603,0.6676173806190491,0.2438393533229828,-0.03987520933151245,0.6815167665481567,0.24208949506282806,-0.03828563541173935,10.96089070000005
0.5588724613189697,0.2801333963871002,0.0,0.5718212723731995,0.23204611241817474,0.007123548537492752,0.5949831604957581,0.1979789137840271,0.003635619068518281,0.6182080507278442,0.18497192859649658,-0.0016121172811836004,0.6359753608703613,0.18405337631702423,-0.006614112760871649,0.5988842844963074,0.17094343900680542,-0.017200348898768425,0.6444411873817444,0.16932234168052673,-0.027103513479232788,0.6668376922607422,0.1838938444852829,-0.02906525321304798,0.6811020970344543,0.19770404696464539,-0.029511475935578346,0.5991155505180359,0.19089579582214355,-0.02780280075967312,0.6488069891929626,0.19100619852542877,-0.03781761974096298,0.6743769645690918,0.20256324112415314,-0.036826856434345245,0.6918065547943115,0.2130274921655655,-0.036443307995796204,0.5999737977981567,0.2206580489873886,-0.03684660792350769,0.6465420722961426,0.2204814851284027,-0.04503299295902252,0.6709451675415039,0.22958984971046448,-0.042268604040145874,0.6880084872245789,0.23450502753257751,-0.04098157212138176,0.6012866497039795,0.25503361225128174,-0.04521371051669121,0.6370143294334412,0.25685083866119385,-0.051829371601343155,0.6557803750038147,0.2574469745159149,-0.05026494711637497,0.6701368093490601,0.2552514970302582,-0.049150314182043076,11.00211980000006
0.5512703657150269,0.28829145431518555,0.0,0.5686984062194824,0.2439587414264679,0.006107536610215902,0.5937423706054688,0.21242280304431915,0.0021475853864103556,0.6175339818000793,0.2035750448703766,-0.0038178942631930113,0.6347779035568237,0.20773422718048096,-0.009437618777155876,0.5972691178321838,0.18705114722251892,-0.01778748631477356,0.6424049139022827,0.18506550788879395,-0.028734290972352028,0.6645501255989075,0.2000579684972763,-0.03113599680364132,0.6784658432006836,0.21235868334770203,-0.03182338550686836,0.5955539345741272,0.20799869298934937,-0.028441844508051872,0.6425934433937073,0.20346836745738983,-0.04085550457239151,0.6670486330986023,0.21726442873477936,-0.04035945609211922,0.6833616495132446,0.22958864271640778,-0.03965805470943451,0.5942463874816895,0.23852717876434326,-0.03774196654558182,0.6371617317199707,0.23672452569007874,-0.048723142594099045,0.6613796949386597,0.2479964792728424,-0.04607333615422249,0.6781790852546692,0.2560567557811737,-0.04376550018787384,0.5935790538787842,0.27313342690467834,-0.04646599292755127,0.6265744566917419,0.2779354751110077,-0.05482401326298714,0.6446084380149841,0.2826819121837616,-0.05342504009604454,0.6584533452987671,0.2855472266674042,-0.05170294642448425,11.041517500000054
0.5470510125160217,0.30395230650901794,0.0,0.5689349174499512,0.262597918510437,0.004454903304576874,0.5984039902687073,0.2369944453239441,-0.0018792644841596484,0.6255738735198975,0.23629894852638245,-0.010505052283406258,0.6448075771331787,0.24271845817565918,-0.01879938505589962,0.5979511737823486,0.2056831419467926,-0.02148994617164135,0.639911413192749,0.20661012828350067,-0.03615351766347885,0.6594684720039368,0.2307436615228653,-0.041066139936447144,0.6712082624435425,0.25090599060058594,-0.04318758472800255,0.5916609168052673,0.2262185961008072,-0.033047907054424286,0.6346792578697205,0.23004160821437836,-0.04927003011107445,0.6573531627655029,0.24901515245437622,-0.05053279548883438,0.6717376708984375,0.26371312141418457,-0.050759755074977875,0.5850833058357239,0.25566574931144714,-0.04357737675309181,0.6243721842765808,0.2630252540111542,-0.058082934468984604,0.6481477618217468,0.2777090072631836,-0.05621296912431717,0.6646960973739624,0.2860509753227234,-0.054115958511829376,0.5793695449829102,0.2897542417049408,-0.05366821959614754,0.6079437136650085,0.3005289137363434,-0.0647527426481247,0.6259341239929199,0.3083096146583557,-0.06390207260847092,0.6400516033172607,0.3118572235107422,-0.062300585210323334,11.084281400000009
0.38246583938598633,0.5720014572143555,0.0,0.3964639902114868,0.6208648681640625,-0.013824003748595715,0.4062926471233368,0.68325275182724,-0.031598083674907684,0.42473575472831726,0.7268364429473877,-0.04624118283390999,0.44669273495674133,0.7472361326217651,-0.06077595800161362,0.384844571352005,0.6641648411750793,-0.05428653955459595,0.3580775558948517,0.6987385153770447,-0.07124703377485275,0.3390882611274719,0.7196171879768372,-0.07888838648796082,0.3211435079574585,0.7368704676628113,-0.08385279774665833,0.36691948771476746,0.6362113952636719,-0.054231200367212296,0.3327024579048157,0.6733172535896301,-0.07541685551404953,0.30916735529899597,0.704622209072113,-0.083717942237854,0.2876066267490387,0.7296966910362244,-0.0900009423494339,0.354108601808548,0.6135601997375488,-0.05112859234213829,0.3229288160800934,0.6593737602233887,-0.06705217808485031,0.3027888834476471,0.6899669766426086,-0.07192865759134293,0.28421443700790405,0.7139739394187927,-0.07526518404483795,0.34547075629234314,0.5995772480964661,-0.0476301871240139,0.3256989121437073,0.6447598934173584,-0.05588649585843086,0.31084349751472473,0.669668972492218,-0.05829582363367081,0.2948657274246216,0.6856797337532043,-0.06106118857860565,11.449509000000035
0.37268969416618347,0.5830321311950684,0.0,0.3821382522583008,0.6379435658454895,-0.02038973569869995,0.3930014967918396,0.6990480422973633,-0.03836201876401901,0.4146462380886078,0.7365813851356506,-0.052238527685403824,0.4402772784233093,0.7559546232223511,-0.06596191227436066,0.3720296025276184,0.6743859052658081,-0.061830341815948486,0.3436405658721924,0.69837886095047,-0.08404996246099472,0.3229936361312866,0.713255763053894,-0.09439537674188614,0.3010933995246887,0.7239506840705872,-0.1002635583281517,0.3599136173725128,0.6388615369796753,-0.06095293164253235,0.32342103123664856,0.6614493131637573,-0.08634684234857559,0.3034842014312744,0.6833014488220215,-0.09393477439880371,0.2825336456298828,0.6986520886421204,-0.09946205466985703,0.3513433039188385,0.6076992750167847,-0.05829482153058052,0.3218843340873718,0.6399515271186829,-0.08026919513940811,0.3056371212005615,0.6660481691360474,-0.08395743370056152,0.28890344500541687,0.6852323412895203,-0.08552049100399017,0.34721627831459045,0.5852024555206299,-0.055997587740421295,0.32897040247917175,0.6209088563919067,-0.07005589455366135,0.3174512982368469,0.6437211632728577,-0.07300414890050888,0.3030162453651428,0.6580763459205627,-0.07523782551288605,11.48988840000004
0.3644692003726959,0.593005895614624,0.0,0.3761236369609833,0.6405473351478577,-0.019077304750680923,0.389525443315506,0.6983270049095154,-0.036383092403411865,0.41042372584342957,0.7346112132072449,-0.04930621758103371,0.4352050721645355,0.7521044015884399,-0.06174030154943466,0.37353405356407166,0.6645486950874329,-0.05971023067831993,0.3406567871570587,0.6869356036186218,-0.07824764400720596,0.3189159333705902,0.7042526006698608,-0.08565817773342133,0.2971086800098419,0.718356192111969,-0.08948203921318054,0.35775327682495117,0.6325733661651611,-0.0571572370827198,0.3186285197734833,0.6652148365974426,-0.07613605260848999,0.3016811013221741,0.6891494989395142,-0.07958588004112244,0.28498655557632446,0.7054060697555542,-0.08296026289463043,0.34519287943840027,0.6090937256813049,-0.05230867862701416,0.31398746371269226,0.6523565053939819,-0.0674799457192421,0.3005238175392151,0.6783463358879089,-0.06677645444869995,0.28842777013778687,0.6968021988868713,-0.06654928624629974,0.3368602991104126,0.5975521802902222,-0.047890666872262955,0.31707531213760376,0.6440123915672302,-0.05635760724544525,0.30740171670913696,0.6643509268760681,-0.05567524582147598,0.2969817519187927,0.6757370233535767,-0.055973850190639496,11.523435199999994
0.3648904860019684,0.5816635489463806,0.0,0.37447020411491394,0.6350396871566772,-0.023519696667790413,0.3863188922405243,0.6969571709632874,-0.04702945053577423,0.4078908860683441,0.735427737236023,-0.06569752842187881,0.4322083592414856,0.7522261142730713,-0.08432284742593765,0.370240718126297,0.6671537160873413,-0.07766275107860565,0.34014543890953064,0.6954634189605713,-0.10521472245454788,0.31910398602485657,0.7108911275863647,-0.11817127466201782,0.29651740193367004,0.7206542491912842,-0.12613114714622498,0.3558865487575531,0.637462854385376,-0.07772357016801834,0.32094672322273254,0.6679760217666626,-0.10886826366186142,0.2999180853366852,0.6918993592262268,-0.11972197890281677,0.27761200070381165,0.7090418934822083,-0.12822438776493073,0.3450188636779785,0.6124579906463623,-0.07532834261655807,0.31575822830200195,0.6535430550575256,-0.10082746297121048,0.29745376110076904,0.6806288957595825,-0.10677216947078705,0.27902230620384216,0.6987329125404358,-0.11106973141431808,0.33731934428215027,0.596607506275177,-0.07312306761741638,0.31633079051971436,0.6413931846618652,-0.0898967832326889,0.3035343885421753,0.6623152494430542,-0.09442731738090515,0.2890775799751282,0.6739920377731323,-0.09893275052309036,11.563394199999948
0.36440759897232056,0.584742546081543,0.0,0.37466099858283997,0.6355683207511902,-0.02583746239542961,0.3873969316482544,0.6966736912727356,-0.05002536252140999,0.40864038467407227,0.7337217926979065,-0.06882316619157791,0.4321729242801666,0.7502340078353882,-0.08745887875556946,0.37249648571014404,0.6677451133728027,-0.07870370894670486,0.34237146377563477,0.694831371307373,-0.1049366444349289,0.3225308060646057,0.7084565758705139,-0.11696678400039673,0.30121445655822754,0.7186622023582458,-0.1244320273399353,0.3586547076702118,0.6360113620758057,-0.07685054838657379,0.3241197466850281,0.6651660799980164,-0.10613337904214859,0.30464181303977966,0.687676727771759,-0.11549244821071625,0.28366729617118835,0.7057539820671082,-0.1231958195567131,0.3476366102695465,0.6096668839454651,-0.07262138277292252,0.3192683756351471,0.6469820141792297,-0.09605599194765091,0.3023722767829895,0.6713224053382874,-0.10050452500581741,0.28553256392478943,0.6890356540679932,-0.10419205576181412,0.3400048017501831,0.5936282277107239,-0.06888391822576523,0.3187410831451416,0.6309894323348999,-0.08386510610580444,0.3068239092826843,0.6459318399429321,-0.08706806600093842,0.29395297169685364,0.6546955108642578,-0.09077468514442444,11.598372899999958
0.36167794466018677,0.5942888259887695,0.0,0.374952495098114,0.6356667876243591,-0.027364427223801613,0.38926100730895996,0.6892030239105225,-0.04773075878620148,0.41160768270492554,0.7243290543556213,-0.062084097415208817,0.4360855519771576,0.7400158643722534,-0.07617859542369843,0.3738704323768616,0.6640810370445251,-0.0707908570766449,0.34140744805336,0.6876703500747681,-0.09054289758205414,0.32354575395584106,0.703140914440155,-0.09816121309995651,0.3050805926322937,0.7186056971549988,-0.10268960893154144,0.3583436906337738,0.6415368914604187,-0.06504890322685242,0.32158148288726807,0.6696773171424866,-0.08703644573688507,0.3053244948387146,0.687134861946106,-0.09213175624608994,0.28791701793670654,0.7009752988815308,-0.09669516235589981,0.3448363244533539,0.6221873760223389,-0.05734313279390335,0.3169929087162018,0.6574267745018005,-0.07594471424818039,0.3025355637073517,0.676957368850708,-0.07878224551677704,0.2883468270301819,0.6916279196739197,-0.08091451972723007,0.33638492226600647,0.611931562423706,-0.05044036731123924,0.31727147102355957,0.6478074193000793,-0.06287199258804321,0.30689680576324463,0.6614373922348022,-0.06574272364377975,0.29520344734191895,0.67056804895401,-0.06846202909946442,11.636349500000051
0.3608437776565552,0.5929089784622192,0.0,0.37907275557518005,0.6267080307006836,-0.029097463935613632,0.3966185748577118,0.6747313141822815,-0.0506005585193634,0.41862261295318604,0.7052711248397827,-0.06598727405071259,0.4449823498725891,0.7177773118019104,-0.081061452627182,0.3751709759235382,0.650736391544342,-0.07258015871047974,0.3453953266143799,0.6758530139923096,-0.09434084594249725,0.3278675377368927,0.6939114928245544,-0.10353828221559525,0.3091999888420105,0.7103460431098938,-0.10882560908794403,0.3570062518119812,0.6328468322753906,-0.06583400815725327,0.326432466506958,0.659575879573822,-0.08880411833524704,0.31270748376846313,0.6803110241889954,-0.09437179565429688,0.2962852120399475,0.6983694434165955,-0.09923498332500458,0.3427063524723053,0.6184490323066711,-0.05740013346076012,0.319457471370697,0.6488522291183472,-0.07712999731302261,0.30767500400543213,0.6715855002403259,-0.08047156035900116,0.29512518644332886,0.6909927129745483,-0.08270065486431122,0.3350631594657898,0.6127517223358154,-0.049929991364479065,0.31946444511413574,0.642421305179596,-0.06304218620061874,0.30993908643722534,0.6556733846664429,-0.06619830429553986,0.29821348190307617,0.6664935946464539,-0.06891454011201859,11.66922539999996
0.366648405790329,0.578909158706665,0.0,0.3861876130104065,0.6129046678543091,-0.022829895839095116,0.4056176543235779,0.6585654616355896,-0.04226233437657356,0.427501916885376,0.6832960247993469,-0.056717898696660995,0.4534710943698883,0.6905024647712708,-0.07103944569826126,0.38546305894851685,0.6252710819244385,-0.06704986840486526,0.35944458842277527,0.6543244123458862,-0.0891580656170845,0.34292474389076233,0.6769830584526062,-0.09944876283407211,0.32663968205451965,0.6982996463775635,-0.10539054870605469,0.3642168343067169,0.608364999294281,-0.06347129493951797,0.326893150806427,0.6551992893218994,-0.0868188813328743,0.30671703815460205,0.6883509159088135,-0.09522712230682373,0.2855052053928375,0.7156025171279907,-0.10222823917865753,0.3475290536880493,0.600537121295929,-0.05750502645969391,0.31625381112098694,0.6539639830589294,-0.0766277089715004,0.29747143387794495,0.6902041435241699,-0.08142411708831787,0.27942073345184326,0.7191466093063354,-0.08506058901548386,0.3372282385826111,0.6018729209899902,-0.0518399141728878,0.31756553053855896,0.650202751159668,-0.06335539370775223,0.30435997247695923,0.6792047023773193,-0.0665605366230011,0.28920045495033264,0.7013639211654663,-0.0700753927230835,11.710954799999968
0.3753817677497864,0.561974823474884,0.0,0.3975960910320282,0.590045690536499,-0.024815084412693977,0.4194434881210327,0.635103702545166,-0.04835939779877663,0.44097042083740234,0.6608733534812927,-0.06677898019552231,0.4670080244541168,0.6702783107757568,-0.08517997711896896,0.3993651270866394,0.5974984169006348,-0.08065132051706314,0.3774851858615875,0.6320922374725342,-0.11038912087678909,0.3615925908088684,0.6526945233345032,-0.12498506903648376,0.3466548025608063,0.671923816204071,-0.1334557980298996,0.3755216598510742,0.584164559841156,-0.07799068093299866,0.3410031199455261,0.6401993632316589,-0.10886501520872116,0.3191086947917938,0.6707959771156311,-0.12055826932191849,0.29705262184143066,0.7004367113113403,-0.1301126331090927,0.35719868540763855,0.5818114876747131,-0.07242359220981598,0.3277355432510376,0.6449894309043884,-0.09752775728702545,0.30792537331581116,0.6788585782051086,-0.10436597466468811,0.28871604800224304,0.7076634764671326,-0.10935179144144058,0.3443741798400879,0.5891961455345154,-0.06683076173067093,0.32382896542549133,0.641484260559082,-0.0825316458940506,0.30872318148612976,0.6663694977760315,-0.08737242221832275,0.29194241762161255,0.6864681839942932,-0.09210406243801117,11.748238700000002
0.38984525203704834,0.580794095993042,0.0,0.41111913323402405,0.6002352237701416,-0.009416310116648674,0.4293983280658722,0.6211462616920471,-0.023768045008182526,0.44300001859664917,0.6466183066368103,-0.037250567227602005,0.4601685404777527,0.6597374677658081,-0.051160816103219986,0.40844184160232544,0.5708073377609253,-0.051829155534505844,0.3928667902946472,0.5971857309341431,-0.07073033601045609,0.3786775469779968,0.6251728534698486,-0.07875006645917892,0.36820244789123535,0.6507901549339294,-0.08324276655912399,0.390869677066803,0.5634095668792725,-0.055937714874744415,0.3658219873905182,0.6084949970245361,-0.07558751106262207,0.349061518907547,0.6415334939956665,-0.07967203110456467,0.3352084457874298,0.6700583100318909,-0.0837617889046669,0.3760816156864166,0.5691091418266296,-0.05670738220214844,0.3523007333278656,0.6190640330314636,-0.07306844741106033,0.33574533462524414,0.6551620960235596,-0.07217471301555634,0.32145968079566956,0.682746410369873,-0.07244627177715302,0.36507850885391235,0.5828943252563477,-0.057174086570739746,0.34692487120628357,0.6293704509735107,-0.06803697347640991,0.3343047797679901,0.6550061702728271,-0.06717786937952042,0.3222033381462097,0.6733403205871582,-0.06721500307321548,11.792008600000031
0.527798593044281,0.33503851294517517,0.0,0.5455367565155029,0.2966105043888092,-0.0003763632266782224,0.5740968585014343,0.27872776985168457,-0.00838635116815567,0.6001105904579163,0.2832087278366089,-0.016043292358517647,0.6162761449813843,0.29382988810539246,-0.023780131712555885,0.5720869898796082,0.2560881972312927,-0.03238040953874588,0.6124977469444275,0.2765706777572632,-0.045601170510053635,0.6352404952049255,0.2979806661605835,-0.0496625117957592,0.6504619717597961,0.3159777522087097,-0.05162889137864113,0.5670727491378784,0.28390392661094666,-0.0398109070956707,0.6116008162498474,0.3080674409866333,-0.05306544527411461,0.6366189122200012,0.3276539146900177,-0.05371246486902237,0.6544966101646423,0.34110352396965027,-0.054586414247751236,0.5619755983352661,0.31809568405151367,-0.04557499662041664,0.6035521626472473,0.3413804769515991,-0.05657053366303444,0.6277816295623779,0.3592369556427002,-0.05555189400911331,0.6450645923614502,0.36931443214416504,-0.05546880513429642,0.5571910738945007,0.3532593548297882,-0.0507814846932888,0.5885145664215088,0.37422823905944824,-0.06005840003490448,0.606974184513092,0.3869297504425049,-0.060169756412506104,0.6213264465332031,0.39361080527305603,-0.06024709343910217,12.05955259999996
0.5352992415428162,0.31452056765556335,0.0,0.5527315139770508,0.2678692042827606,0.007055602502077818,0.5772334337234497,0.24829766154289246,0.004442758392542601,0.5989909768104553,0.24303416907787323,0.00022489717230200768,0.6157448291778564,0.24516727030277252,-0.004202293697744608,0.5840279459953308,0.22569411993026733,-0.007863045670092106,0.6139973402023315,0.2369748055934906,-0.01418051216751337,0.6333747506141663,0.2391909807920456,-0.01763271726667881,0.6487407684326172,0.23760369420051575,-0.019750023260712624,0.5866100192070007,0.24623993039131165,-0.016626868396997452,0.6235928535461426,0.2659077048301697,-0.022952837869524956,0.6488018035888672,0.27312803268432617,-0.025728197768330574,0.6690904498100281,0.2750369608402252,-0.028633924201130867,0.5886858701705933,0.2756917476654053,-0.024152057245373726,0.6278141736984253,0.2902820408344269,-0.028810353949666023,0.6501380205154419,0.2967667281627655,-0.029627149924635887,0.6674333810806274,0.2965146005153656,-0.031578898429870605,0.5889220237731934,0.3068564534187317,-0.030971761792898178,0.6208114624023438,0.3173832595348358,-0.034531909972429276,0.638982355594635,0.3230157494544983,-0.03392782434821129,0.6542970538139343,0.32433637976646423,-0.03428032249212265,12.101437300000043
0.5433756709098816,0.2961457073688507,0.0,0.5604113340377808,0.24947747588157654,0.00709428871050477,0.5853623151779175,0.2276434749364853,0.004661053419113159,0.6079722046852112,0.2215426117181778,0.0007387436926364899,0.6251753568649292,0.22221189737319946,-0.00329577480442822,0.5914214253425598,0.20388086140155792,-0.008054828271269798,0.6218560338020325,0.21255511045455933,-0.014189057052135468,0.641290009021759,0.21568617224693298,-0.016993841156363487,0.6568730473518372,0.2168899029493332,-0.018611231818795204,0.5940431356430054,0.22375059127807617,-0.016658714041113853,0.6318696141242981,0.23976749181747437,-0.02297976426780224,0.6573978662490845,0.24636414647102356,-0.025189118459820747,0.678057849407196,0.2504114806652069,-0.027511347085237503,0.5961225628852844,0.25349223613739014,-0.02399148978292942,0.6359408497810364,0.26576825976371765,-0.02898254431784153,0.6584495902061462,0.2718898057937622,-0.029476335272192955,0.6762416362762451,0.2730681300163269,-0.030831117182970047,0.5967246294021606,0.28623777627944946,-0.030560020357370377,0.6294881105422974,0.2966100871562958,-0.034369900822639465,0.6478520035743713,0.30202004313468933,-0.033725250512361526,0.6635514497756958,0.3037889003753662,-0.03375225514173508,12.13451310000005
0.5523694157600403,0.283012330532074,0.0,0.5660467743873596,0.23323246836662292,0.00449576647952199,0.5905089378356934,0.20934134721755981,0.0005859072552993894,0.6148664951324463,0.2062225192785263,-0.0037547999527305365,0.6332345008850098,0.21127626299858093,-0.008111380971968174,0.5969945788383484,0.18578556180000305,-0.01582285761833191,0.6309529542922974,0.19045740365982056,-0.023027094081044197,0.6536047458648682,0.19374510645866394,-0.025728007778525352,0.6716926097869873,0.19667568802833557,-0.027049433439970016,0.5994032621383667,0.2070196121931076,-0.022750606760382652,0.6395496129989624,0.21639370918273926,-0.03016180545091629,0.6668431162834167,0.22021853923797607,-0.03128878399729729,0.6880708932876587,0.2235293686389923,-0.03256642073392868,0.6018919348716736,0.23808957636356354,-0.028069719672203064,0.6428349018096924,0.24622134864330292,-0.0334545373916626,0.6663286685943604,0.25125598907470703,-0.03240838274359703,0.6835622191429138,0.2526240050792694,-0.03243158012628555,0.6033490300178528,0.2717941105365753,-0.032739318907260895,0.6374608874320984,0.2783779203891754,-0.03645109385251999,0.6563481092453003,0.2830697000026703,-0.03479919210076332,0.6712280511856079,0.28550004959106445,-0.03386988863348961,12.17651890000002
0.5583953857421875,0.27071046829223633,0.0,0.5706539750099182,0.2221091240644455,0.00517450412735343,0.5948656797409058,0.19495992362499237,0.0015869078924879432,0.6191593408584595,0.1872178316116333,-0.0024812754709273577,0.6366177201271057,0.1884225606918335,-0.006577199324965477,0.5999319553375244,0.17132773995399475,-0.017341947183012962,0.6392713189125061,0.17373308539390564,-0.024157963693141937,0.6626582741737366,0.1802425980567932,-0.025650082156062126,0.6796051263809204,0.18630541861057281,-0.026156963780522346,0.6029094457626343,0.19472740590572357,-0.02467992901802063,0.6477142572402954,0.2013956606388092,-0.030610976740717888,0.6744779348373413,0.2094726264476776,-0.02987661585211754,0.6932820081710815,0.2150144726037979,-0.03027372993528843,0.6062309741973877,0.22647061944007874,-0.030268266797065735,0.6494898200035095,0.2292630970478058,-0.03416188806295395,0.6741030216217041,0.23545041680335999,-0.032321393489837646,0.6911503672599792,0.23671042919158936,-0.03245807811617851,0.6088084578514099,0.2603916525840759,-0.03513504937291145,0.6432843208312988,0.2613471746444702,-0.03861520066857338,0.6625861525535583,0.26440340280532837,-0.03711380809545517,0.6772152781486511,0.26385968923568726,-0.03653717041015625,12.210464699999989
0.5623624324798584,0.2614649534225464,0.0,0.5736045837402344,0.2135305404663086,0.00784916989505291,0.5941260457038879,0.18114802241325378,0.005834315903484821,0.6139518618583679,0.16474828124046326,0.002554594771936536,0.6275707483291626,0.1600499004125595,-0.0005490296753123403,0.6026689410209656,0.16143321990966797,-0.013747230172157288,0.6445115208625793,0.16049864888191223,-0.020289858803153038,0.6662700772285461,0.1691938042640686,-0.02034410461783409,0.680212140083313,0.1786068081855774,-0.019566675648093224,0.605435848236084,0.18494164943695068,-0.022670436650514603,0.6525375247001648,0.18617402017116547,-0.029069064185023308,0.6778386235237122,0.19419613480567932,-0.02692294493317604,0.6940228939056396,0.20235575735569,-0.02575409784913063,0.6088248491287231,0.2166784405708313,-0.02991337701678276,0.6528427600860596,0.21622425317764282,-0.034682292491197586,0.6770147085189819,0.22272959351539612,-0.031457316130399704,0.6925590634346008,0.2267625331878662,-0.0299819502979517,0.6115781664848328,0.25153154134750366,-0.03635650873184204,0.6454623341560364,0.2511216402053833,-0.04032748192548752,0.6638954877853394,0.25308337807655334,-0.038241054862737656,0.6774083375930786,0.2531769871711731,-0.036805201321840286,12.253933299999971
0.5655877590179443,0.2556828260421753,0.0,0.5761330127716064,0.2055807113647461,0.010194689966738224,0.5962564945220947,0.17304930090904236,0.009516309015452862,0.6180228590965271,0.16009259223937988,0.007262623868882656,0.6337137818336487,0.16229704022407532,0.005004063714295626,0.6052100658416748,0.15153253078460693,-0.011927159503102303,0.6468576192855835,0.15061582624912262,-0.017294956371188164,0.6673318147659302,0.15728962421417236,-0.01619310863316059,0.6802533864974976,0.16479429602622986,-0.014656436629593372,0.609393835067749,0.1746191680431366,-0.021663954481482506,0.6562389731407166,0.17344945669174194,-0.02673332951962948,0.679350733757019,0.18034480512142181,-0.023239126428961754,0.6938818693161011,0.18780875205993652,-0.021154308691620827,0.6132419109344482,0.20613008737564087,-0.029552113264799118,0.6567977666854858,0.2032221555709839,-0.033232271671295166,0.6794394850730896,0.20844048261642456,-0.029071256518363953,0.693821907043457,0.2116207480430603,-0.027068501338362694,0.6157658696174622,0.24138224124908447,-0.036455120891332626,0.6492704153060913,0.23871199786663055,-0.039850037544965744,0.6674454212188721,0.2386813759803772,-0.037357430905103683,0.6808692216873169,0.23720312118530273,-0.035585109144449234,12.28706299999999
0.566159188747406,0.25377196073532104,0.0,0.5768680572509766,0.20332975685596466,0.010815618559718132,0.5970340967178345,0.17070011794567108,0.010517284274101257,0.619810163974762,0.15888828039169312,0.008854956366121769,0.6363811492919922,0.16153189539909363,0.007397948298603296,0.6043611764907837,0.14689716696739197,-0.013709763064980507,0.6465405821800232,0.14563597738742828,-0.018405282869935036,0.6658735871315002,0.15573416650295258,-0.01570843532681465,0.6766921281814575,0.16483452916145325,-0.013007532805204391,0.6086167693138123,0.16960598528385162,-0.02334769442677498,0.6552776098251343,0.16642850637435913,-0.02870292402803898,0.6782910823822021,0.17282171547412872,-0.023937247693538666,0.6934199333190918,0.17878291010856628,-0.020723354071378708,0.6126875877380371,0.20130930840969086,-0.03082539699971676,0.6568719148635864,0.1967320442199707,-0.0349179245531559,0.6788029074668884,0.1996442675590515,-0.029758334159851074,0.6933855414390564,0.2007797211408615,-0.026796838268637657,0.6156465411186218,0.23706531524658203,-0.03703916072845459,0.6501716375350952,0.23343932628631592,-0.040376193821430206,0.6684918999671936,0.2326221615076065,-0.03709029406309128,0.6822065711021423,0.2309030145406723,-0.0345604345202446,12.327038600000037
0.5668078064918518,0.25294941663742065,0.0,0.5770500898361206,0.20138639211654663,0.010595315136015415,0.596415638923645,0.1675947606563568,0.010091333650052547,0.6180048584938049,0.1532508134841919,0.00812477245926857,0.6339776515960693,0.15267686545848846,0.006429983768612146,0.6046813130378723,0.14377842843532562,-0.012866913340985775,0.6469810009002686,0.14184913039207458,-0.01779569685459137,0.6670977473258972,0.1518220603466034,-0.015796123072504997,0.6788185834884644,0.16119012236595154,-0.013632427901029587,0.6086229085922241,0.16663725674152374,-0.022621555253863335,0.655552864074707,0.16299013793468475,-0.028327196836471558,0.6786597967147827,0.16859522461891174,-0.024478670209646225,0.6936963200569153,0.17448723316192627,-0.02188700996339321,0.6127740144729614,0.19836552441120148,-0.030267132446169853,0.6571577787399292,0.19289933145046234,-0.034240033477544785,0.679341197013855,0.19496838748455048,-0.029559284448623657,0.6939377784729004,0.19573570787906647,-0.027048256248235703,0.616044282913208,0.23415328562259674,-0.03674889728426933,0.6507668495178223,0.22928054630756378,-0.039831578731536865,0.6692866086959839,0.22760263085365295,-0.036714695394039154,0.6831066012382507,0.22527094185352325,-0.03445349261164665,12.360414399999968
0.5653131604194641,0.25358015298843384,0.0,0.5754060745239258,0.2022787630558014,0.010616975836455822,0.5940892100334167,0.16852357983589172,0.010671470314264297,0.6145094633102417,0.1531401127576828,0.009037616662681103,0.6299770474433899,0.15076908469200134,0.007574870716780424,0.6044400930404663,0.1442704051733017,-0.010080483742058277,0.6461229920387268,0.1425020545721054,-0.014777577482163906,0.6663382053375244,0.1529131382703781,-0.01339103002101183,0.6785313487052917,0.16266262531280518,-0.011778057552874088,0.609139084815979,0.16621634364128113,-0.02000056579709053,0.6557424664497375,0.16225777566432953,-0.025238025933504105,0.6788347363471985,0.1672597974538803,-0.02231978252530098,0.6940997838973999,0.17313142120838165,-0.02056623250246048,0.6136649250984192,0.1972067952156067,-0.02802802063524723,0.6584164500236511,0.19204850494861603,-0.03151628002524376,0.6804612874984741,0.19431163370609283,-0.027758441865444183,0.6950497627258301,0.19525566697120667,-0.026143210008740425,0.6169381737709045,0.2330501526594162,-0.03505035489797592,0.6520746350288391,0.2283993363380432,-0.03804618492722511,0.6705528497695923,0.22608192265033722,-0.03560716286301613,0.6843439936637878,0.22270897030830383,-0.03403255343437195,12.408304599999951
0.5666848421096802,0.25448471307754517,0.0,0.5767852663993835,0.2027934342622757,0.010364127345383167,0.5958331823348999,0.16874611377716064,0.01010307390242815,0.6169914603233337,0.15328791737556458,0.008131513372063637,0.6329692602157593,0.15075215697288513,0.0063024559058249,0.6063268184661865,0.14607691764831543,-0.010450570844113827,0.6477333307266235,0.14094451069831848,-0.01517275720834732,0.6682099103927612,0.1490131914615631,-0.013787075877189636,0.680540144443512,0.15775978565216064,-0.012174928560853004,0.6106045246124268,0.16855093836784363,-0.020276162773370743,0.6564022898674011,0.16395330429077148,-0.025190241634845734,0.6791037917137146,0.16814705729484558,-0.022004693746566772,0.6941012740135193,0.17375199496746063,-0.020140590146183968,0.6146224141120911,0.19990092515945435,-0.02823750674724579,0.658316969871521,0.19350703060626984,-0.031541164964437485,0.6798966526985168,0.1944352388381958,-0.02760394848883152,0.6941219568252563,0.19488771259784698,-0.02590922638773918,0.6175745725631714,0.23575152456760406,-0.03522934764623642,0.6518436074256897,0.23035556077957153,-0.03826992213726044,0.670147180557251,0.2280443161725998,-0.03583626449108124,0.6838295459747314,0.22525571286678314,-0.03423069790005684,12.439916700000026
0.565777063369751,0.25722768902778625,0.0,0.5766453146934509,0.2035316675901413,0.01164843887090683,0.5956941246986389,0.1717052459716797,0.01208061259239912,0.6178563237190247,0.1606205403804779,0.010759270749986172,0.6349759101867676,0.16268450021743774,0.009605552069842815,0.6055094003677368,0.14690470695495605,-0.010180121287703514,0.6469900608062744,0.14545679092407227,-0.014367111958563328,0.6669110059738159,0.15542170405387878,-0.012237871065735817,0.6788853406906128,0.16487881541252136,-0.01005669217556715,0.6103383302688599,0.16907595098018646,-0.02032412774860859,0.6569280624389648,0.16528567671775818,-0.025166897103190422,0.6803382039070129,0.1706141233444214,-0.021326834335923195,0.6960796117782593,0.17657586932182312,-0.018890315666794777,0.6148065328598022,0.20013879239559174,-0.0284109003841877,0.6596024632453918,0.1961536407470703,-0.03150591254234314,0.6815774440765381,0.19929011166095734,-0.02678009867668152,0.6960842609405518,0.20108836889266968,-0.0244614090770483,0.6178662180900574,0.2361113727092743,-0.03538414463400841,0.6534385085105896,0.23161189258098602,-0.037863101810216904,0.6716533303260803,0.2297869622707367,-0.03469681367278099,0.6850715279579163,0.22733160853385925,-0.03254123777151108,12.478638599999954
0.5662189722061157,0.2591705322265625,0.0,0.576684832572937,0.20607589185237885,0.011490038596093655,0.5953323245048523,0.1728968620300293,0.011590834707021713,0.616958498954773,0.15887844562530518,0.009982060641050339,0.6337089538574219,0.15894752740859985,0.008585470728576183,0.6052975058555603,0.1489923596382141,-0.01084071770310402,0.6469935178756714,0.1471501886844635,-0.015183468349277973,0.6672340631484985,0.1575034111738205,-0.013095872476696968,0.679296612739563,0.1676265150308609,-0.010965806432068348,0.6098769307136536,0.17107991874217987,-0.021065950393676758,0.656711995601654,0.16687457263469696,-0.026123782619833946,0.6798335909843445,0.17281277477741241,-0.022271202877163887,0.6950300335884094,0.1797567754983902,-0.01980111375451088,0.6142209768295288,0.20227007567882538,-0.02921353466808796,0.6588625907897949,0.1969671994447708,-0.03234974667429924,0.6810247898101807,0.19995014369487762,-0.027590436860919,0.6956382989883423,0.2020595371723175,-0.025291118770837784,0.6173474788665771,0.2387065291404724,-0.036236803978681564,0.6527901887893677,0.23341479897499084,-0.038807738572359085,0.6713948249816895,0.231741800904274,-0.035689689218997955,0.685319721698761,0.22958816587924957,-0.033575475215911865,12.51205600000003
0.5646606683731079,0.2607167959213257,0.0,0.5759188532829285,0.2092110961675644,0.01063059363514185,0.5953671932220459,0.17578062415122986,0.010199922136962414,0.6173198223114014,0.16230610013008118,0.008216076530516148,0.6335436105728149,0.16276168823242188,0.0065270657651126385,0.6035940647125244,0.15104475617408752,-0.01252797618508339,0.6463746428489685,0.15135613083839417,-0.01772509142756462,0.6664689779281616,0.16376659274101257,-0.016002817079424858,0.6779954433441162,0.1745443493127823,-0.014083843678236008,0.6077067852020264,0.17300666868686676,-0.022692250087857246,0.6556699275970459,0.16940011084079742,-0.0288406815379858,0.6792874336242676,0.17624272406101227,-0.025395898148417473,0.6948895454406738,0.1834036409854889,-0.023126894608139992,0.6119460463523865,0.20398184657096863,-0.0308245662599802,0.6579756736755371,0.1996634155511856,-0.034863878041505814,0.6806374192237854,0.20362812280654907,-0.03040526993572712,0.6957616209983826,0.20597492158412933,-0.028198478743433952,0.6153602004051208,0.24049922823905945,-0.03785594180226326,0.6521754264831543,0.2365894615650177,-0.04094114899635315,0.6713380217552185,0.234828382730484,-0.03802122920751572,0.6859161257743835,0.23210307955741882,-0.03603740781545639,12.55074090000005
0.5627772808074951,0.26316800713539124,0.0,0.5744789838790894,0.21238695085048676,0.012056508101522923,0.5935512185096741,0.17880944907665253,0.01218477264046669,0.6141282916069031,0.16319727897644043,0.010319400578737259,0.62858647108078,0.15982931852340698,0.008725865744054317,0.602569043636322,0.15444114804267883,-0.010530292987823486,0.6448429822921753,0.15532362461090088,-0.01591525971889496,0.6646704077720642,0.16795605421066284,-0.014762512408196926,0.676231324672699,0.17826908826828003,-0.01332460343837738,0.6060835719108582,0.17606011033058167,-0.021553030237555504,0.6543405055999756,0.17350682616233826,-0.028398338705301285,0.6785719990730286,0.18077516555786133,-0.02598864771425724,0.6944380402565002,0.1880200058221817,-0.02437303215265274,0.6100047826766968,0.20714744925498962,-0.030439207330346107,0.6559398770332336,0.2046518623828888,-0.0349334254860878,0.6790876984596252,0.21016047894954681,-0.03089507482945919,0.6945571899414062,0.21332359313964844,-0.028906963765621185,0.6133080720901489,0.2431730329990387,-0.03812659531831741,0.6499702334403992,0.24133381247520447,-0.04117617383599281,0.6687647700309753,0.23998740315437317,-0.03827878460288048,0.6833236217498779,0.23698562383651733,-0.0363934226334095,12.584714800000029
0.5592536926269531,0.2701430022716522,0.0,0.5702452063560486,0.22419194877147675,0.009584744460880756,0.5902097821235657,0.1887141317129135,0.007759333122521639,0.6105197072029114,0.16957363486289978,0.003838102100417018,0.6267104148864746,0.16217032074928284,0.00010038154141511768,0.5990636944770813,0.16457711160182953,-0.013044094666838646,0.6398768424987793,0.15434546768665314,-0.02131880261003971,0.6610225439071655,0.16207817196846008,-0.022507118061184883,0.6740569472312927,0.17047324776649475,-0.022543305531144142,0.6008320450782776,0.1838379055261612,-0.023771677166223526,0.6492725610733032,0.180002823472023,-0.03342701867222786,0.675054132938385,0.1873442679643631,-0.03285318985581398,0.692115068435669,0.19376032054424286,-0.03229966759681702,0.6034994721412659,0.21350271999835968,-0.032697632908821106,0.6494518518447876,0.21173517405986786,-0.040768083184957504,0.6740842461585999,0.21766842901706696,-0.038305819034576416,0.6907286643981934,0.22043272852897644,-0.036724675446748734,0.606288492679596,0.24730807542800903,-0.040594182908535004,0.6416237950325012,0.2481246441602707,-0.046282391995191574,0.6595301032066345,0.2484804391860962,-0.04438813403248787,0.6728742122650146,0.24659642577171326,-0.042902689427137375,12.624266000000034
0.5562358498573303,0.2784542739391327,0.0,0.5687234401702881,0.23096857964992523,0.005500507075339556,0.591154932975769,0.1953546553850174,0.0009478969150222838,0.6143114566802979,0.18078821897506714,-0.0048956498503685,0.6318913102149963,0.17930279672145844,-0.010442061349749565,0.5959847569465637,0.16839931905269623,-0.020434489473700523,0.6411529183387756,0.16392698884010315,-0.03123229183256626,0.6643881797790527,0.1762590855360031,-0.03375772386789322,0.6794847846031189,0.1885339319705963,-0.034580692648887634,0.5957456827163696,0.18968820571899414,-0.03035285323858261,0.6467516422271729,0.18810053169727325,-0.04169744998216629,0.6721312403678894,0.1987442672252655,-0.04110932722687721,0.688734769821167,0.2082930952310562,-0.04073444381356239,0.59662926197052,0.22042973339557648,-0.03868585079908371,0.6437211036682129,0.218759223818779,-0.04772166162729263,0.6683429479598999,0.22640475630760193,-0.04516613483428955,0.685181736946106,0.22991956770420074,-0.04382398724555969,0.5981605052947998,0.25571155548095703,-0.046404335647821426,0.6337335705757141,0.25598961114883423,-0.05347142368555069,0.6525554656982422,0.25672295689582825,-0.05204613879323006,0.6667953729629517,0.2547609508037567,-0.05092262849211693,12.657073400000058
0.5503596067428589,0.2888067364692688,0.0,0.566977858543396,0.2424599826335907,0.005505410488694906,0.5912473201751709,0.20926600694656372,0.0005478173843584955,0.6146312952041626,0.19719275832176208,-0.00603597704321146,0.6324452757835388,0.19870981574058533,-0.012172686867415905,0.5933621525764465,0.18327780067920685,-0.02238992042839527,0.639257550239563,0.17938080430030823,-0.034454118460416794,0.6618386507034302,0.19373127818107605,-0.0364474393427372,0.6761041879653931,0.20614540576934814,-0.03653798624873161,0.5910542607307434,0.20531117916107178,-0.0329289473593235,0.6400601863861084,0.20056094229221344,-0.046987276524305344,0.664679229259491,0.21329694986343384,-0.04547887668013573,0.6805515885353088,0.22470761835575104,-0.043598826974630356,0.5897940397262573,0.23659491539001465,-0.041932687163352966,0.6337094902992249,0.23468199372291565,-0.05439426004886627,0.6583005785942078,0.24417591094970703,-0.05060293525457382,0.674843966960907,0.25107210874557495,-0.04701654985547066,0.5894104838371277,0.2712465524673462,-0.050262294709682465,0.622599720954895,0.27530431747436523,-0.05943584069609642,0.6410191655158997,0.27938908338546753,-0.057414744049310684,0.6549617052078247,0.2821663022041321,-0.05489038676023483,12.703246499999977
0.5455945730209351,0.3020445704460144,0.0,0.5690497159957886,0.26146894693374634,0.0035837572067976,0.600020706653595,0.23530332744121552,-0.003974871709942818,0.628942608833313,0.23312778770923615,-0.013409175910055637,0.6494596004486084,0.2352558672428131,-0.022381870076060295,0.5928189754486084,0.2019878476858139,-0.0259102676063776,0.634093701839447,0.1992262899875641,-0.04134228453040123,0.6535276174545288,0.21981172263622284,-0.046168841421604156,0.6656826138496399,0.23667821288108826,-0.04817303270101547,0.5856394171714783,0.223285973072052,-0.03730061277747154,0.629401683807373,0.22670681774616241,-0.054297495633363724,0.6525182723999023,0.24232788383960724,-0.05497876927256584,0.6674115657806396,0.2539154589176178,-0.0549529530107975,0.5792027115821838,0.25347793102264404,-0.04740550369024277,0.6194681525230408,0.26051825284957886,-0.06280265003442764,0.6432608962059021,0.2723972499370575,-0.06009028106927872,0.6594640016555786,0.27823033928871155,-0.05741402879357338,0.5744680762290955,0.2870996296405792,-0.056970883160829544,0.6040439009666443,0.2975159287452698,-0.0684322938323021,0.6216522455215454,0.30276721715927124,-0.06683091819286346,0.635188639163971,0.3041653037071228,-0.06472252309322357,12.741548899999998
0.541027307510376,0.3126220703125,0.0,0.5672178864479065,0.27297452092170715,0.005486880429089069,0.5996951460838318,0.252959281206131,-0.002354919444769621,0.6279505491256714,0.254113107919693,-0.012521523982286453,0.6472936272621155,0.25462520122528076,-0.022551190108060837,0.5854718089103699,0.22901955246925354,-0.029535742476582527,0.6265429258346558,0.2260896861553192,-0.04616163671016693,0.6421358585357666,0.2471359819173813,-0.05078686773777008,0.6499965786933899,0.2623733580112457,-0.052470702677965164,0.5775312185287476,0.25318068265914917,-0.04233177751302719,0.6185034513473511,0.2570679187774658,-0.061277370899915695,0.6384260654449463,0.27345603704452515,-0.061616405844688416,0.6500237584114075,0.2838360369205475,-0.06092061847448349,0.5693833827972412,0.2827557623386383,-0.05330413579940796,0.6061714291572571,0.2899346947669983,-0.07071627676486969,0.6276640892028809,0.30081355571746826,-0.06777134537696838,0.6411484479904175,0.3071504235267639,-0.06457053124904633,0.5626301765441895,0.3135532736778259,-0.06337533891201019,0.5868500471115112,0.32608041167259216,-0.07619963586330414,0.6012009978294373,0.3301786184310913,-0.07461431622505188,0.6111868023872375,0.3316856026649475,-0.07225687056779861,12.812762499999963
0.42918822169303894,0.6045942306518555,0.0,0.4161399304866791,0.5983918905258179,-0.01951361447572708,0.399757981300354,0.6088945865631104,-0.036536648869514465,0.38534605503082275,0.6255465745925903,-0.0509728379547596,0.37495189905166626,0.6385677456855774,-0.06629741191864014,0.39202189445495605,0.6342143416404724,-0.05733395367860794,0.37834686040878296,0.6763445734977722,-0.08352324366569519,0.37307101488113403,0.6878385543823242,-0.09604457765817642,0.36661332845687866,0.6957674026489258,-0.10318176448345184,0.3919818103313446,0.6357632875442505,-0.05911377817392349,0.369063138961792,0.6698101758956909,-0.08757428824901581,0.34888288378715515,0.6915733218193054,-0.10073989629745483,0.33072638511657715,0.7113474011421204,-0.11017853021621704,0.3955150842666626,0.6380643248558044,-0.0603821724653244,0.37461432814598083,0.6665692329406738,-0.08802837133407593,0.35537466406822205,0.6891651749610901,-0.10088605433702469,0.3372829556465149,0.7089794278144836,-0.10879920423030853,0.4012685716152191,0.6383899450302124,-0.061709821224212646,0.39140287041664124,0.6583330035209656,-0.08251979202032089,0.3835177421569824,0.6795879006385803,-0.09189761430025101,0.3755544424057007,0.699640154838562,-0.09861341863870621,13.060356999999954
0.3662891685962677,0.6592819094657898,0.0,0.38909462094306946,0.6934843063354492,-0.037748195230960846,0.3966470956802368,0.7310584783554077,-0.06747341901063919,0.40118348598480225,0.7560091018676758,-0.08813048154115677,0.4091138243675232,0.77309650182724,-0.10974256694316864,0.3720664978027344,0.7225874662399292,-0.09626045823097229,0.35120365023612976,0.7613567113876343,-0.12624520063400269,0.3351369798183441,0.7831488847732544,-0.1434175670146942,0.3203991651535034,0.7970608472824097,-0.154690682888031,0.3487788140773773,0.7059811353683472,-0.08452042192220688,0.3218438923358917,0.7525398135185242,-0.11664515733718872,0.3001101016998291,0.7796943783760071,-0.1344134509563446,0.2821163833141327,0.7951536774635315,-0.14809630811214447,0.33204638957977295,0.6965987086296082,-0.06995776295661926,0.3033679127693176,0.7379014492034912,-0.09570552408695221,0.2823775112628937,0.7620506882667542,-0.11227543652057648,0.26498648524284363,0.7762762308120728,-0.12409176677465439,0.31867367029190063,0.6913698315620422,-0.0558016337454319,0.2977342903614044,0.7181820869445801,-0.0738472118973732,0.2831173837184906,0.7324652075767517,-0.08613306283950806,0.2698439955711365,0.7415367960929871,-0.09638115763664246,13.152272799999992
0.3679808974266052,0.6446774005889893,0.0,0.39250922203063965,0.6737762093544006,-0.03799757733941078,0.4041861295700073,0.7176434397697449,-0.06925617158412933,0.4154740571975708,0.756371021270752,-0.09078807383775711,0.43028712272644043,0.7825119495391846,-0.11224875599145889,0.3802085220813751,0.7037973403930664,-0.10622455924749374,0.3606915771961212,0.7363383173942566,-0.142283633351326,0.34381982684135437,0.7618767619132996,-0.16216887533664703,0.32576799392700195,0.7799379229545593,-0.17509371042251587,0.35127755999565125,0.7004387974739075,-0.09481799602508545,0.3223579525947571,0.730773389339447,-0.1408614069223404,0.29809510707855225,0.7629677057266235,-0.1624813973903656,0.27488037943840027,0.7884629964828491,-0.17682978510856628,0.3309139013290405,0.6977524161338806,-0.07959440350532532,0.30159348249435425,0.7278955578804016,-0.1160498857498169,0.2800769805908203,0.7632413506507874,-0.1315181404352188,0.26028355956077576,0.7895200252532959,-0.13984887301921844,0.31801190972328186,0.6976538300514221,-0.06453654915094376,0.2935548424720764,0.7292070388793945,-0.08887003362178802,0.2766934037208557,0.7535292506217957,-0.10152456909418106,0.26083600521087646,0.7711408138275146,-0.11034178733825684,13.196704599999975
0.36761629581451416,0.6439814567565918,0.0,0.39361345767974854,0.6715320348739624,-0.03198011592030525,0.40795260667800903,0.7243214249610901,-0.06028306484222412,0.42713460326194763,0.768150806427002,-0.0812595933675766,0.44908982515335083,0.7921419143676758,-0.10200953483581543,0.3812366724014282,0.709869921207428,-0.09303934127092361,0.3613143563270569,0.741990327835083,-0.12461117655038834,0.34579071402549744,0.7665520906448364,-0.14095552265644073,0.32661211490631104,0.784541666507721,-0.15187940001487732,0.35213586688041687,0.7055476903915405,-0.08631199598312378,0.3222036063671112,0.7335575222969055,-0.12811410427093506,0.30071038007736206,0.7645571827888489,-0.14615076780319214,0.2772420048713684,0.7885751724243164,-0.15830622613430023,0.331325501203537,0.7001976370811462,-0.07597018033266068,0.30208125710487366,0.7287203073501587,-0.10856474936008453,0.28108078241348267,0.7612722516059875,-0.120153047144413,0.2596158981323242,0.7868160009384155,-0.12645038962364197,0.3179277777671814,0.696431040763855,-0.06599163264036179,0.29328733682632446,0.731297492980957,-0.08740825206041336,0.27557313442230225,0.7555342316627502,-0.09754841774702072,0.25682854652404785,0.7729995846748352,-0.10485932230949402,13.23078989999999
0.3705548942089081,0.6373188495635986,0.0,0.3966042101383209,0.6666233539581299,-0.02496347203850746,0.4137062728404999,0.7256808280944824,-0.04717826843261719,0.4318663775920868,0.770828127861023,-0.06482359766960144,0.4587725102901459,0.7917554378509521,-0.08283500373363495,0.3823697865009308,0.7113736867904663,-0.07177815586328506,0.3648599088191986,0.7450295090675354,-0.09715902805328369,0.3509872555732727,0.7678220868110657,-0.10839777439832687,0.3345058858394623,0.7883371710777283,-0.11530544608831406,0.35464516282081604,0.7035204768180847,-0.0692213848233223,0.32630762457847595,0.7433270215988159,-0.09784461557865143,0.30846792459487915,0.770446240901947,-0.10790863633155823,0.2878369987010956,0.7934243083000183,-0.11572529375553131,0.3334859311580658,0.696891188621521,-0.06457404047250748,0.30431947112083435,0.7356186509132385,-0.08838019520044327,0.28463754057884216,0.7636986970901489,-0.0960092693567276,0.2643715739250183,0.7889025807380676,-0.10100708156824112,0.3191401958465576,0.692445695400238,-0.06057450547814369,0.2932114899158478,0.7317850589752197,-0.07715053111314774,0.27472051978111267,0.7552780508995056,-0.08480514585971832,0.2553161680698395,0.7758291363716125,-0.09086813777685165,13.271907000000056
0.3727709949016571,0.6277801394462585,0.0,0.39895957708358765,0.6591329574584961,-0.021194279193878174,0.4187467396259308,0.717976987361908,-0.042692895978689194,0.4388009011745453,0.7614162564277649,-0.060325250029563904,0.46616390347480774,0.779035747051239,-0.07808540016412735,0.3906109631061554,0.6985792517662048,-0.06856298446655273,0.37378743290901184,0.7329728603363037,-0.09293370693922043,0.35978519916534424,0.7588350772857666,-0.10319595038890839,0.3444196283817291,0.7802442908287048,-0.1092265397310257,0.36177051067352295,0.6927897930145264,-0.06708015501499176,0.33211830258369446,0.7384951710700989,-0.09463455528020859,0.31340491771698,0.769980788230896,-0.10359533131122589,0.2934235632419586,0.795045793056488,-0.11056818068027496,0.3396320044994354,0.6894275546073914,-0.06288453936576843,0.3101530075073242,0.7368305325508118,-0.0849977433681488,0.29074549674987793,0.7684139013290405,-0.09015405923128128,0.27139535546302795,0.7955043911933899,-0.0935816541314125,0.3237065374851227,0.6895905137062073,-0.05903448536992073,0.2991079092025757,0.7346274256706238,-0.07283926755189896,0.2820109724998474,0.760562539100647,-0.07762355357408524,0.2641149163246155,0.7835066914558411,-0.08183327317237854,13.305605600000035
0.37752625346183777,0.6159980893135071,0.0,0.4052858054637909,0.6445826888084412,-0.021993955597281456,0.42637163400650024,0.7000135779380798,-0.0434846356511116,0.44798561930656433,0.7371875047683716,-0.061110977083444595,0.4756167232990265,0.749238133430481,-0.07865528017282486,0.39697134494781494,0.6829623579978943,-0.06700403988361359,0.37939757108688354,0.7199423909187317,-0.0897492989897728,0.3651658892631531,0.744282066822052,-0.0984368547797203,0.3500708341598511,0.7658195495605469,-0.10340159386396408,0.36789461970329285,0.6775719523429871,-0.06547275185585022,0.3398783802986145,0.7323792576789856,-0.09116633981466293,0.32267525792121887,0.7664706110954285,-0.0989985391497612,0.3050975203514099,0.7954105138778687,-0.10519518703222275,0.34604084491729736,0.6758883595466614,-0.06137948855757713,0.3191855251789093,0.7325244545936584,-0.08168275654315948,0.30162250995635986,0.7666873335838318,-0.08573977649211884,0.28497371077537537,0.796847939491272,-0.0887240320444107,0.3306072950363159,0.6779473423957825,-0.05782540887594223,0.30816030502319336,0.7295547723770142,-0.07001367211341858,0.2932167947292328,0.7592564225196838,-0.07373498380184174,0.27863526344299316,0.7850327491760254,-0.07741039246320724,13.343538400000057
0.3808589279651642,0.6048063635826111,0.0,0.40860220789909363,0.6294962763786316,-0.0223409254103899,0.4331264793872833,0.6807658672332764,-0.0448872447013855,0.457234263420105,0.7145522236824036,-0.06325137615203857,0.48483988642692566,0.7225492000579834,-0.08175501972436905,0.40972456336021423,0.6541369557380676,-0.07293030619621277,0.38893356919288635,0.6913542747497559,-0.09731829166412354,0.3742874264717102,0.7166982293128967,-0.10539823025465012,0.36016684770584106,0.739761471748352,-0.10918963700532913,0.3805922865867615,0.6501391530036926,-0.07098132371902466,0.35029077529907227,0.7151728868484497,-0.0963810458779335,0.33440518379211426,0.7526119351387024,-0.10164336860179901,0.3201073706150055,0.7858473062515259,-0.10589517652988434,0.357550710439682,0.6529642939567566,-0.066250279545784,0.3310040533542633,0.7199698090553284,-0.0872403010725975,0.3158584237098694,0.7566798329353333,-0.08934683352708817,0.30244672298431396,0.7883196473121643,-0.09049893170595169,0.34006792306900024,0.6615581512451172,-0.061860598623752594,0.320381760597229,0.7182931303977966,-0.07445918023586273,0.30782589316368103,0.748526930809021,-0.07669815421104431,0.2953101694583893,0.7740455865859985,-0.07886482030153275,13.376795900000047
0.3886968791484833,0.6128149032592773,0.0,0.4159770905971527,0.632801353931427,-0.017544986680150032,0.4425373077392578,0.6640121936798096,-0.03606295585632324,0.46800315380096436,0.6865156888961792,-0.05145386606454849,0.499578595161438,0.6955012083053589,-0.06666924059391022,0.41579848527908325,0.6203200221061707,-0.06231708452105522,0.39329737424850464,0.6643358469009399,-0.08212047070264816,0.37794649600982666,0.695923924446106,-0.08832576870918274,0.36458608508110046,0.7230381965637207,-0.09116572886705399,0.3893502950668335,0.6113282442092896,-0.06240344047546387,0.36262357234954834,0.6865160465240479,-0.08191180974245071,0.34728825092315674,0.7281746864318848,-0.08495327085256577,0.33111971616744995,0.7642636895179749,-0.08863051980733871,0.3681252896785736,0.6157073378562927,-0.059358712285757065,0.3458651304244995,0.6879950761795044,-0.07521877437829971,0.3333679139614105,0.7268980145454407,-0.07527920603752136,0.32025817036628723,0.7595021724700928,-0.07623056322336197,0.3527728319168091,0.6268419623374939,-0.05650736764073372,0.33645907044410706,0.6831786036491394,-0.06573869287967682,0.3271905779838562,0.7143112421035767,-0.06633371114730835,0.3160775303840637,0.7386872172355652,-0.06801130622625351,13.42084269999998
0.4986603856086731,0.41746073961257935,0.0,0.5243642330169678,0.3747173249721527,-0.002722220728173852,0.5559637546539307,0.3667372763156891,-0.013446402736008167,0.5818131566047668,0.3894217014312744,-0.02303677797317505,0.5949578881263733,0.4131036400794983,-0.03251582384109497,0.5359798073768616,0.36115163564682007,-0.04527948796749115,0.5810210108757019,0.39821094274520874,-0.059804193675518036,0.5917274355888367,0.41960787773132324,-0.061344169080257416,0.5925429463386536,0.4288850426673889,-0.060671765357255936,0.5247155427932739,0.40254077315330505,-0.05158424377441406,0.5742447972297668,0.4430798888206482,-0.06956301629543304,0.5890154242515564,0.4546780586242676,-0.06830064207315445,0.5907201170921326,0.45610037446022034,-0.06577800959348679,0.5179842710494995,0.4433521330356598,-0.05501561239361763,0.5646656155586243,0.4780445992946625,-0.06802990287542343,0.5805829167366028,0.4869248569011688,-0.062017057090997696,0.5838948488235474,0.4864096939563751,-0.057493798434734344,0.5156039595603943,0.47812268137931824,-0.05776617303490639,0.5545764565467834,0.5071141719818115,-0.06589319556951523,0.5676377415657043,0.5103942155838013,-0.06191776320338249,0.570164144039154,0.5065681338310242,-0.058691803365945816,13.608741200000054
0.5011609196662903,0.40255430340766907,0.0,0.5258203744888306,0.3754447102546692,-0.0021304923575371504,0.5541780591011047,0.37103724479675293,-0.011755452491343021,0.5765828490257263,0.3791413903236389,-0.02050035446882248,0.5934872627258301,0.3884161412715912,-0.029433375224471092,0.5480144023895264,0.35118162631988525,-0.03409586474299431,0.5808594226837158,0.3614780902862549,-0.046987541019916534,0.6038998365402222,0.372579962015152,-0.05236824229359627,0.6198655366897583,0.3821653723716736,-0.05524249002337456,0.5407951474189758,0.37531307339668274,-0.039254024624824524,0.5779927372932434,0.39624249935150146,-0.052373193204402924,0.6024775505065918,0.40594443678855896,-0.05442599952220917,0.6193985939025879,0.40860670804977417,-0.05623989552259445,0.5347322225570679,0.4045952558517456,-0.04253915697336197,0.5712975263595581,0.42866891622543335,-0.05307801440358162,0.5952349901199341,0.4343002140522003,-0.05306005850434303,0.611653745174408,0.4332018792629242,-0.053763240575790405,0.5296324491500854,0.4314841032028198,-0.04524310305714607,0.5562127232551575,0.45691609382629395,-0.053127363324165344,0.573712944984436,0.46568262577056885,-0.052979376167058945,0.587253212928772,0.4672906696796417,-0.053326599299907684,13.64957030000005
0.5087482333183289,0.3873964250087738,0.0,0.531670331954956,0.35994672775268555,0.003179638646543026,0.5561956763267517,0.347158282995224,-0.0011020007077604532,0.5753076672554016,0.3441661596298218,-0.006269399542361498,0.5897836089134216,0.3465607762336731,-0.011637572199106216,0.5578991174697876,0.33047521114349365,-0.014529586769640446,0.5868700742721558,0.34332606196403503,-0.022421415895223618,0.606846272945404,0.3516273498535156,-0.026579076424241066,0.6227149963378906,0.35724568367004395,-0.029134031385183334,0.5554875135421753,0.34568578004837036,-0.021101439371705055,0.5883094072341919,0.3628954291343689,-0.029113756492733955,0.6123558282852173,0.37298452854156494,-0.03209851309657097,0.6319218277931213,0.3783465027809143,-0.03489202633500099,0.5530690550804138,0.36754709482192993,-0.026409193873405457,0.5875314474105835,0.38587385416030884,-0.03206917271018028,0.6096758246421814,0.39587971568107605,-0.03320322930812836,0.6268731951713562,0.40039196610450745,-0.03523648902773857,0.550348162651062,0.3893582224845886,-0.03125644475221634,0.5769252777099609,0.40623942017555237,-0.03511102870106697,0.5932950973510742,0.416225790977478,-0.03507891297340393,0.6072863936424255,0.42123928666114807,-0.035979535430669785,13.68404129999999
0.5147431492805481,0.36410054564476013,0.0,0.5364333987236023,0.3345471918582916,0.007697559893131256,0.5600350499153137,0.3199247419834137,0.007143241818994284,0.5779848098754883,0.31380340456962585,0.0042828526347875595,0.5927459001541138,0.3120189607143402,0.001329050282947719,0.5649834275245667,0.30049756169319153,0.000483746116515249,0.5898206233978271,0.3097149133682251,-0.00394801190122962,0.6082527041435242,0.3162977397441864,-0.006844149436801672,0.622869610786438,0.31994372606277466,-0.00845271348953247,0.565725564956665,0.31463390588760376,-0.007427495904266834,0.5942568182945251,0.32930541038513184,-0.011425172910094261,0.6158987283706665,0.3373585641384125,-0.01349260751157999,0.6335447430610657,0.3403455913066864,-0.015574930235743523,0.5665485858917236,0.3352855443954468,-0.014720135368406773,0.5979068875312805,0.3512234687805176,-0.017198916524648666,0.6178570985794067,0.36129245162010193,-0.01728706806898117,0.6332551836967468,0.36586931347846985,-0.018534403294324875,0.56622314453125,0.35659390687942505,-0.02165316417813301,0.5930871963500977,0.36881330609321594,-0.023413309827446938,0.6093979477882385,0.3767881393432617,-0.022632328793406487,0.6230366230010986,0.3806625008583069,-0.022773653268814087,13.729265599999962
0.568683922290802,0.2458096295595169,0.0,0.5749365091323853,0.20818980038166046,9.529328235657886e-05,0.5915706753730774,0.16728872060775757,-0.00584306800737977,0.600493848323822,0.13223962485790253,-0.011559892445802689,0.5983510613441467,0.1067364439368248,-0.0173773393034935,0.6036331653594971,0.16250386834144592,-0.023213736712932587,0.6423646807670593,0.16035112738609314,-0.0316803865134716,0.6645628809928894,0.16785940527915955,-0.033600229769945145,0.6797636151313782,0.17524835467338562,-0.03450106084346771,0.6055926084518433,0.18669554591178894,-0.028753018006682396,0.6499617099761963,0.185361847281456,-0.037755873054265976,0.6741331815719604,0.1933198869228363,-0.03811183199286461,0.6903108358383179,0.20104442536830902,-0.03865167498588562,0.6082658171653748,0.21773070096969604,-0.03274395689368248,0.6507437229156494,0.21608033776283264,-0.039882857352495193,0.6741617321968079,0.22356638312339783,-0.03897908329963684,0.6895110011100769,0.22817111015319824,-0.038888879120349884,0.6103618741035461,0.25105416774749756,-0.03622804954648018,0.6438677906990051,0.25381553173065186,-0.0415765754878521,0.6623733043670654,0.25858721137046814,-0.04092462733387947,0.6764951348304749,0.2605457901954651,-0.040686022490262985,13.887587499999995
0.5715731978416443,0.24281349778175354,0.0,0.5779910087585449,0.20170916616916656,0.0054312036372721195,0.593840479850769,0.16436855494976044,0.0024615596048533916,0.6065303087234497,0.13643896579742432,-0.0012871843064203858,0.6085779070854187,0.11934860795736313,-0.005421420559287071,0.6057283878326416,0.15198613703250885,-0.01684919372200966,0.6439010500907898,0.14978307485580444,-0.023726748302578926,0.6654119491577148,0.15391674637794495,-0.0241997167468071,0.6799077391624451,0.15998752415180206,-0.02389541268348694,0.6098237037658691,0.17417053878307343,-0.024677125737071037,0.6540616750717163,0.17276537418365479,-0.030965225771069527,0.6775736212730408,0.1783413290977478,-0.029271652922034264,0.6935131549835205,0.18465037643909454,-0.02851095050573349,0.6134294271469116,0.20458684861660004,-0.030875474214553833,0.6557877063751221,0.20001424849033356,-0.03610201179981232,0.6779952645301819,0.2043059766292572,-0.03373870998620987,0.6927288770675659,0.20688407123088837,-0.03288140892982483,0.6158512234687805,0.23826909065246582,-0.03627368435263634,0.6490099430084229,0.2357843518257141,-0.040793877094984055,0.6667426824569702,0.23692511022090912,-0.039121221750974655,0.6801878213882446,0.236674964427948,-0.038068246096372604,13.931398299999955
0.5710095763206482,0.24045716226100922,0.0,0.5781695246696472,0.19717608392238617,0.010294152423739433,0.5975187420845032,0.16630716621875763,0.009995529428124428,0.6183777451515198,0.15149033069610596,0.008382147178053856,0.6318554282188416,0.15251390635967255,0.006510748062282801,0.6054030656814575,0.14817431569099426,-0.013402060605585575,0.6445629000663757,0.14276522397994995,-0.018296200782060623,0.6658740043640137,0.14775466918945312,-0.01688203774392605,0.6794573068618774,0.15619191527366638,-0.015162996016442776,0.609370231628418,0.16936053335666656,-0.022399060428142548,0.6544874310493469,0.16595618426799774,-0.02693794295191765,0.6780569553375244,0.17078307271003723,-0.023466482758522034,0.6932878494262695,0.17796921730041504,-0.021397804841399193,0.6134405136108398,0.1997797191143036,-0.029286086559295654,0.6564984321594238,0.1949273645877838,-0.0324573777616024,0.6790066361427307,0.19854581356048584,-0.028660612180829048,0.6930603384971619,0.20221376419067383,-0.02699766866862774,0.6167080402374268,0.23344933986663818,-0.034948401153087616,0.6501696109771729,0.23053139448165894,-0.0379876084625721,0.6681684255599976,0.22998246550559998,-0.03565308451652527,0.6812038421630859,0.22927719354629517,-0.03404662758111954,13.96943090000002
0.5704297423362732,0.24282395839691162,0.0,0.5780447721481323,0.1968160718679428,0.009600518271327019,0.5988405346870422,0.16742268204689026,0.00913972593843937,0.6220242381095886,0.15788497030735016,0.007349555846303701,0.638019323348999,0.16174577176570892,0.0053155007772147655,0.6048464775085449,0.14578649401664734,-0.013155927881598473,0.6451725363731384,0.1410028487443924,-0.018072005361318588,0.6656659841537476,0.1477094441652298,-0.016634590923786163,0.678095281124115,0.1562250703573227,-0.014955717138946056,0.6099666953086853,0.1671719253063202,-0.022185364738106728,0.6544414758682251,0.16139011085033417,-0.02664036862552166,0.6771720051765442,0.16616731882095337,-0.023113729432225227,0.691949725151062,0.17240215837955475,-0.021086715161800385,0.6145209074020386,0.1977631002664566,-0.029293611645698547,0.6573506593704224,0.19054192304611206,-0.0325922966003418,0.678856372833252,0.19342118501663208,-0.0289570614695549,0.6925617456436157,0.19558770954608917,-0.027456961572170258,0.6177534461021423,0.2322109490633011,-0.03530460223555565,0.6509945392608643,0.2270250767469406,-0.03875802829861641,0.6686639189720154,0.22546039521694183,-0.03671583905816078,0.6815593242645264,0.22316551208496094,-0.0353064239025116,14.005279200000018
0.5690119862556458,0.2446843683719635,0.0,0.5775765180587769,0.1968926191329956,0.010235610418021679,0.5984525680541992,0.16595612466335297,0.009866735897958279,0.6217392086982727,0.15537291765213013,0.008134175091981888,0.6375426650047302,0.1594260334968567,0.006274507846683264,0.604159414768219,0.1439301073551178,-0.013644492253661156,0.6456440091133118,0.14023658633232117,-0.0186843853443861,0.6661668419837952,0.14829179644584656,-0.016951730474829674,0.6784868836402893,0.15722504258155823,-0.015017087571322918,0.6088074445724487,0.16592314839363098,-0.022991327568888664,0.6544712781906128,0.16011227667331696,-0.02818397618830204,0.6772635579109192,0.1649247258901596,-0.024485191330313683,0.6921571493148804,0.17102265357971191,-0.02210416831076145,0.6133631467819214,0.19720198214054108,-0.030265582725405693,0.6571179032325745,0.18959762156009674,-0.03404003009200096,0.6787843704223633,0.19168522953987122,-0.029998891055583954,0.6927545666694641,0.19310061633586884,-0.028033729642629623,0.6168802380561829,0.23211006820201874,-0.03633444756269455,0.6508136987686157,0.22610832750797272,-0.03979877009987831,0.6687713265419006,0.2234715223312378,-0.03740985691547394,0.6821161508560181,0.22012390196323395,-0.03567548841238022,14.04240040000002
0.5684903264045715,0.2492125928401947,0.0,0.5768201351165771,0.19865870475769043,0.012427788227796555,0.5963610410690308,0.166062593460083,0.012978390790522099,0.6186595559120178,0.15286299586296082,0.01202824991196394,0.6344214677810669,0.15488238632678986,0.011082259006798267,0.6039627194404602,0.14519204199314117,-0.012692338787019253,0.6452968716621399,0.14077487587928772,-0.016557440161705017,0.665898323059082,0.14949287474155426,-0.013549961149692535,0.6782519221305847,0.159469872713089,-0.01067727617919445,0.6086845397949219,0.16777317225933075,-0.0224746223539114,0.654808521270752,0.1611110419034958,-0.026882799342274666,0.6777090430259705,0.16560108959674835,-0.022040367126464844,0.6925032138824463,0.17193374037742615,-0.01872425153851509,0.6135129332542419,0.19933372735977173,-0.0298173651099205,0.6578225493431091,0.1916373074054718,-0.032648272812366486,0.6796584129333496,0.19344037771224976,-0.02737106755375862,0.6933399438858032,0.19507630169391632,-0.024528678506612778,0.617266833782196,0.23389415442943573,-0.0357031412422657,0.6521514058113098,0.22783252596855164,-0.037929438054561615,0.6696675419807434,0.2248045802116394,-0.034458715468645096,0.6823193430900574,0.22134526073932648,-0.031963594257831573,14.079215900000008
0.5666300654411316,0.2517246603965759,0.0,0.576160728931427,0.2018119841814041,0.011879327706992626,0.5952152013778687,0.1696748286485672,0.012561445124447346,0.6171088814735413,0.1566992849111557,0.011660156771540642,0.6328422427177429,0.15839634835720062,0.010839099064469337,0.6052870154380798,0.1477561593055725,-0.010810459963977337,0.6463772058486938,0.1453360617160797,-0.014709622599184513,0.6664727330207825,0.15531548857688904,-0.012438409961760044,0.6784226894378662,0.16541196405887604,-0.010231713764369488,0.6099596619606018,0.16985343396663666,-0.020590484142303467,0.6559536457061768,0.16437770426273346,-0.02536080777645111,0.6790092587471008,0.1692040115594864,-0.02175261080265045,0.6941234469413757,0.1758900284767151,-0.019389724358916283,0.6144176125526428,0.20113159716129303,-0.02811279147863388,0.6586140990257263,0.19504886865615845,-0.0310297142714262,0.6806836128234863,0.1978820264339447,-0.026644481346011162,0.6949594020843506,0.2001725286245346,-0.024521401152014732,0.6175535917282104,0.23683170974254608,-0.03436172753572464,0.6525909900665283,0.23177772760391235,-0.0366414450109005,0.670499861240387,0.2290959358215332,-0.03367473557591438,0.6838690638542175,0.22586257755756378,-0.031657323241233826,14.119457099999977
0.5663767457008362,0.25551414489746094,0.0,0.5756536722183228,0.20559078454971313,0.012556578032672405,0.5934023857116699,0.17160052061080933,0.013226443901658058,0.6128847002983093,0.1550256311893463,0.011877072043716908,0.626645028591156,0.154227152466774,0.010428544133901596,0.6055704951286316,0.15160079300403595,-0.009696408174932003,0.6465146541595459,0.14641351997852325,-0.01424451731145382,0.6673003435134888,0.153359055519104,-0.012722072191536427,0.6802670359611511,0.16232147812843323,-0.011069437488913536,0.6099560856819153,0.17300423979759216,-0.020394854247570038,0.6559248566627502,0.16864420473575592,-0.025332551449537277,0.6788783073425293,0.17346617579460144,-0.022062096744775772,0.6939716935157776,0.1801459938287735,-0.0201126541942358,0.6140917539596558,0.20346017181873322,-0.0289774052798748,0.6576343178749084,0.19785724580287933,-0.03223024681210518,0.6801146864891052,0.20010580122470856,-0.02829231694340706,0.6950862407684326,0.20204859972000122,-0.02667403221130371,0.6170769929885864,0.23839148879051208,-0.03631404787302017,0.6515566110610962,0.23455098271369934,-0.03923354670405388,0.6701744198799133,0.2328304648399353,-0.036799438297748566,0.6844523549079895,0.2303314357995987,-0.03527089208364487,14.155556100000013
0.5629674792289734,0.26417577266693115,0.0,0.5719335675239563,0.21522721648216248,0.01082003116607666,0.5910947918891907,0.1807560920715332,0.010174369439482689,0.6125580072402954,0.16345833241939545,0.007710385136306286,0.6294137835502625,0.16055895388126373,0.00525116641074419,0.6019071936607361,0.16012679040431976,-0.012871832586824894,0.6450541019439697,0.15227454900741577,-0.018987050279974937,0.666912317276001,0.16061481833457947,-0.018240705132484436,0.6800363063812256,0.16897214949131012,-0.017039179801940918,0.6054165363311768,0.1802344024181366,-0.023044127970933914,0.6541622877120972,0.1759617030620575,-0.02992529235780239,0.6789368391036987,0.18318550288677216,-0.027334144338965416,0.6949479579925537,0.18904529511928558,-0.02564474381506443,0.609016478061676,0.21004575490951538,-0.03109818510711193,0.6550672650337219,0.20739249885082245,-0.036353062838315964,0.6792718768119812,0.21261335909366608,-0.03288949280977249,0.695006251335144,0.21428002417087555,-0.03119097463786602,0.6120708584785461,0.24405169486999512,-0.03796468302607536,0.6477341651916504,0.24391134083271027,-0.042035240679979324,0.6660344004631042,0.24417898058891296,-0.039785631000995636,0.6792635917663574,0.24131794273853302,-0.03821263462305069,14.199661300000002
0.5581077933311462,0.2697819173336029,0.0,0.5688140392303467,0.2217819094657898,0.00981847196817398,0.5901175737380981,0.18783888220787048,0.008526804856956005,0.6123172640800476,0.17038185894489288,0.005208982154726982,0.6298424601554871,0.16423657536506653,0.0020166058093309402,0.6006728410720825,0.16431555151939392,-0.01174661424010992,0.6435582637786865,0.1574200987815857,-0.01894303783774376,0.6662780046463013,0.16699250042438507,-0.019725603982806206,0.6807389855384827,0.17666487395763397,-0.019646700471639633,0.6029038429260254,0.1842723786830902,-0.022250747308135033,0.6520262956619263,0.1830780804157257,-0.029773760586977005,0.6774663329124451,0.1922765076160431,-0.028432171791791916,0.6942313313484192,0.19971074163913727,-0.02786572463810444,0.6054220795631409,0.21421511471271515,-0.031009189784526825,0.6518522500991821,0.21366259455680847,-0.03702448308467865,0.6764530539512634,0.22044521570205688,-0.03448508307337761,0.6932260990142822,0.22310522198677063,-0.03355249762535095,0.6079473495483398,0.24895556271076202,-0.038815028965473175,0.6437880396842957,0.25033435225486755,-0.04379534348845482,0.6623395681381226,0.2516379952430725,-0.042216017842292786,0.6763597130775452,0.2497807741165161,-0.041195426136255264,14.23230239999998
0.5566627979278564,0.28067317605018616,0.0,0.5684323310852051,0.23174193501472473,0.005992701277136803,0.590865433216095,0.1971946805715561,0.0018652630969882011,0.6140385270118713,0.18310660123825073,-0.0033521412406116724,0.6326746344566345,0.18129585683345795,-0.008254507556557655,0.5982205867767334,0.17233674228191376,-0.0207839272916317,0.6432520747184753,0.16401833295822144,-0.031085984781384468,0.6668374538421631,0.17513900995254517,-0.0329878069460392,0.6823549270629883,0.18674710392951965,-0.033295638859272,0.5984890460968018,0.19363965094089508,-0.030175143852829933,0.6486473083496094,0.19092175364494324,-0.04084307327866554,0.6749392747879028,0.20139601826667786,-0.03949545696377754,0.6923600435256958,0.2107415646314621,-0.038607969880104065,0.5994213819503784,0.22377684712409973,-0.03781041502952576,0.6458672285079956,0.2229088544845581,-0.046513792127370834,0.6710472702980042,0.2310200035572052,-0.043575629591941833,0.6882796287536621,0.23473131656646729,-0.04190476983785629,0.6004260778427124,0.2577945590019226,-0.044721391052007675,0.6358163952827454,0.2599796652793884,-0.05140477791428566,0.65460205078125,0.26133230328559875,-0.04971836507320404,0.6686403751373291,0.25964605808258057,-0.04836630821228027,14.300385900000038
0.5539584755897522,0.296840101480484,0.0,0.5829218029975891,0.26301729679107666,0.007266900036484003,0.6107087135314941,0.23553088307380676,0.0012278984067961574,0.6344555616378784,0.22655807435512543,-0.007883945479989052,0.6500811576843262,0.219927117228508,-0.017177287489175797,0.5963623523712158,0.2012091428041458,-0.023572297766804695,0.6374967098236084,0.18936768174171448,-0.039773982018232346,0.6568507552146912,0.2051810473203659,-0.045409195125103,0.66877281665802,0.2216106802225113,-0.048071324825286865,0.5889994502067566,0.2181408703327179,-0.037619784474372864,0.6312636137008667,0.21102577447891235,-0.05612688139081001,0.6541438102722168,0.22377058863639832,-0.058509379625320435,0.6691398620605469,0.23622503876686096,-0.0593736469745636,0.5818706154823303,0.24297909438610077,-0.050217609852552414,0.619391918182373,0.24003085494041443,-0.06691062450408936,0.642960250377655,0.2482842355966568,-0.06619509309530258,0.660013735294342,0.25606778264045715,-0.06488640606403351,0.576725959777832,0.27393507957458496,-0.06197132542729378,0.6016878485679626,0.2784199118614197,-0.07454746216535568,0.6181466579437256,0.27976134419441223,-0.07452449202537537,0.6312863230705261,0.28042951226234436,-0.07369095832109451,14.337019899999973
0.5502371191978455,0.3096039295196533,0.0,0.5814167261123657,0.2845042943954468,0.008654524572193623,0.6096479892730713,0.26143020391464233,0.0043891919776797295,0.6341583132743835,0.2531808316707611,-0.0033072761725634336,0.6514745354652405,0.24240423738956451,-0.01157944742590189,0.5915915369987488,0.22996632754802704,-0.018227385357022285,0.6263723373413086,0.21428607404232025,-0.03148449957370758,0.6426199078559875,0.22786396741867065,-0.03576427698135376,0.6518176794052124,0.2407340258359909,-0.03776799514889717,0.5836628079414368,0.2453402876853943,-0.03162018954753876,0.6180598139762878,0.23064927756786346,-0.0468294657766819,0.638086199760437,0.24230363965034485,-0.048445116728544235,0.6502090096473694,0.2527827322483063,-0.04892560839653015,0.5756067633628845,0.26922354102134705,-0.043459564447402954,0.6059486865997314,0.2592352628707886,-0.057194262742996216,0.6267563104629517,0.2669616639614105,-0.055754404515028,0.6403909921646118,0.275091290473938,-0.05429094284772873,0.5701528191566467,0.2992188334465027,-0.054432693868875504,0.5876674056053162,0.29842180013656616,-0.06490849703550339,0.6001595854759216,0.29688870906829834,-0.06447771191596985,0.6094729900360107,0.29635924100875854,-0.063510961830616,14.369236099999966
0.3576407730579376,0.6142902970314026,0.0,0.37981927394866943,0.6475231647491455,-0.028857622295618057,0.38863706588745117,0.6902682185173035,-0.05242787301540375,0.39758366346359253,0.7257522940635681,-0.0683082640171051,0.4082574248313904,0.7495248913764954,-0.08381424099206924,0.36207833886146545,0.6854227781295776,-0.07749653607606888,0.3358686864376068,0.7243679165840149,-0.0983135849237442,0.3175734281539917,0.747109591960907,-0.10727757960557938,0.30062153935432434,0.7639662623405457,-0.11254700273275375,0.33903446793556213,0.6701841950416565,-0.06714922934770584,0.30844464898109436,0.708639919757843,-0.09156695008277893,0.28675562143325806,0.738746702671051,-0.1009015440940857,0.2680591344833374,0.7626869678497314,-0.10721798241138458,0.3227635622024536,0.6608980298042297,-0.0539495050907135,0.2953023314476013,0.7021062970161438,-0.07336211949586868,0.2778967022895813,0.731135904788971,-0.08154516667127609,0.2630675733089447,0.7518090009689331,-0.08635157346725464,0.3128678500652313,0.6587062478065491,-0.04098575562238693,0.2944331765174866,0.6930230259895325,-0.05286042019724846,0.2821671962738037,0.7134389877319336,-0.05876869708299637,0.2711585462093353,0.7265216112136841,-0.06331910938024521,14.753492400000027
0.35318803787231445,0.6313194036483765,0.0,0.3726225197315216,0.665975034236908,-0.0368272140622139,0.38555777072906494,0.7105704545974731,-0.0665707215666771,0.40347400307655334,0.7515981793403625,-0.08741915971040726,0.42101362347602844,0.7757095694541931,-0.10836034268140793,0.35756024718284607,0.6971317529678345,-0.09710884839296341,0.33348461985588074,0.7328745722770691,-0.12723802030086517,0.31425905227661133,0.7589526176452637,-0.14407701790332794,0.294545978307724,0.777195155620575,-0.1553695946931839,0.3329603970050812,0.6879593133926392,-0.08627776801586151,0.30160173773765564,0.7186070084571838,-0.12455125898122787,0.2788311541080475,0.7559196352958679,-0.14375251531600952,0.25735193490982056,0.7851729393005371,-0.15737472474575043,0.3159617483615875,0.6805588006973267,-0.07206329703330994,0.2876397669315338,0.7128182649612427,-0.10298245400190353,0.269155353307724,0.7469556331634521,-0.11883760988712311,0.25086644291877747,0.7729904055595398,-0.12844955921173096,0.3063565492630005,0.6766437292098999,-0.05815312638878822,0.28668057918548584,0.7096783518791199,-0.07909125089645386,0.2717372179031372,0.7341864109039307,-0.09127990156412125,0.2563077211380005,0.7499209642410278,-0.10044229030609131,14.79017680000004
0.35018640756607056,0.6349622011184692,0.0,0.3740321099758148,0.672959566116333,-0.031160123646259308,0.38738715648651123,0.7224597930908203,-0.0600699745118618,0.40453988313674927,0.7594885230064392,-0.08187391608953476,0.42511263489723206,0.778425931930542,-0.10357905179262161,0.35675475001335144,0.70162433385849,-0.09129638224840164,0.33181607723236084,0.7362647652626038,-0.1217414140701294,0.3128351867198944,0.7611079216003418,-0.1381743848323822,0.29201433062553406,0.7828778624534607,-0.14912527799606323,0.32965728640556335,0.6917038559913635,-0.08408598601818085,0.29282715916633606,0.7256368398666382,-0.12143558263778687,0.26811349391937256,0.7582348585128784,-0.13814009726047516,0.24411436915397644,0.7876438498497009,-0.15021266043186188,0.31085047125816345,0.6841251254081726,-0.07312188297510147,0.2774509787559509,0.7206586599349976,-0.10104560106992722,0.2556338906288147,0.7520784735679626,-0.11149439960718155,0.23440903425216675,0.779382586479187,-0.1182289868593216,0.29977643489837646,0.6808838248252869,-0.06262034922838211,0.27578434348106384,0.7165740728378296,-0.0801117792725563,0.258470743894577,0.7422041296958923,-0.08787672966718674,0.2408551573753357,0.7615529894828796,-0.09421973675489426,14.830306299999961
0.3499159812927246,0.633372962474823,0.0,0.3741007447242737,0.667729914188385,-0.036222487688064575,0.3876458704471588,0.7201342582702637,-0.06767312437295914,0.40516552329063416,0.7585572004318237,-0.0910770446062088,0.4276832044124603,0.7773455381393433,-0.11469529569149017,0.3553504943847656,0.7036182284355164,-0.10123725980520248,0.3304872214794159,0.7353857159614563,-0.13582591712474823,0.31206628680229187,0.7571072578430176,-0.15437044203281403,0.29199206829071045,0.775360107421875,-0.16632479429244995,0.32733097672462463,0.6960254907608032,-0.09254839271306992,0.29167813062667847,0.7280420660972595,-0.1325666457414627,0.26681068539619446,0.7574070692062378,-0.149701789021492,0.2421930432319641,0.782903254032135,-0.16229775547981262,0.3075411915779114,0.6896347999572754,-0.08046872168779373,0.27413156628608704,0.7231465578079224,-0.11062949150800705,0.2500889301300049,0.7523944973945618,-0.1218348890542984,0.2271789312362671,0.777642548084259,-0.1292857825756073,0.29550254344940186,0.6862636208534241,-0.06928768754005432,0.26878464221954346,0.7200098633766174,-0.08945859968662262,0.2495049387216568,0.7455083727836609,-0.09898420423269272,0.23046058416366577,0.7659920454025269,-0.10657145082950592,14.869664700000044
0.3510240614414215,0.6210412383079529,0.0,0.3760189414024353,0.6571733951568604,-0.034378793090581894,0.3894156515598297,0.7117732167243958,-0.06326983124017715,0.4064267575740814,0.7484915256500244,-0.08497597277164459,0.4299781024456024,0.7650364637374878,-0.10663475841283798,0.3560802638530731,0.6935648918151855,-0.09152168035507202,0.3285265564918518,0.7286801934242249,-0.12184153497219086,0.30918386578559875,0.7500079274177551,-0.13594728708267212,0.2898707091808319,0.7673949599266052,-0.14440709352493286,0.3283451199531555,0.6835775375366211,-0.08365369588136673,0.2912062108516693,0.7276347279548645,-0.11706863343715668,0.26671043038368225,0.7575765252113342,-0.1293976902961731,0.24391970038414001,0.7832380533218384,-0.13840985298156738,0.30786657333374023,0.6785266399383545,-0.07307778298854828,0.2739008665084839,0.7229288220405579,-0.09853870421648026,0.24942125380039215,0.7511160373687744,-0.10657939314842224,0.22670161724090576,0.7772508263587952,-0.11195753514766693,0.2948649227619171,0.6788358688354492,-0.06366405636072159,0.2679075300693512,0.7177695631980896,-0.07995592057704926,0.24849718809127808,0.7428306341171265,-0.08679497987031937,0.22911734879016876,0.7665262818336487,-0.09246299415826797,14.916189799999984
0.35666385293006897,0.6034232974052429,0.0,0.38287508487701416,0.6390888094902039,-0.026923516765236855,0.3980357348918915,0.691283106803894,-0.05126321688294411,0.4152378737926483,0.7254490256309509,-0.07012980431318283,0.4404754936695099,0.7384656071662903,-0.08880201727151871,0.36281508207321167,0.6762418746948242,-0.07372744381427765,0.3347669839859009,0.7119696140289307,-0.09611610323190689,0.31552475690841675,0.7314899563789368,-0.10480961948633194,0.2985629141330719,0.7499405145645142,-0.11003942787647247,0.3343769311904907,0.6685689091682434,-0.0682791993021965,0.29669854044914246,0.7228818535804749,-0.0930052101612091,0.2730051279067993,0.7555391788482666,-0.10109918564558029,0.25362786650657654,0.783608078956604,-0.10752882808446884,0.3144344091415405,0.6668480038642883,-0.060202836990356445,0.2807735800743103,0.7246777415275574,-0.07905925065279007,0.2573840022087097,0.756574273109436,-0.0846162661910057,0.23778387904167175,0.7858280539512634,-0.08878932148218155,0.30282631516456604,0.672619640827179,-0.05293580889701843,0.27681636810302734,0.7220921516418457,-0.06466260552406311,0.2577407956123352,0.7498399615287781,-0.06928527355194092,0.24031385779380798,0.7757762670516968,-0.07354044169187546,14.95305499999995
0.3621358871459961,0.5932881832122803,0.0,0.3892631530761719,0.6255141496658325,-0.029352841898798943,0.4076049327850342,0.6719178557395935,-0.05642762407660484,0.42811262607574463,0.6998347043991089,-0.07699942588806152,0.4528309106826782,0.7092247009277344,-0.09757020324468613,0.3784870505332947,0.6516544222831726,-0.08629871159791946,0.35149723291397095,0.690954327583313,-0.11112426966428757,0.3352174758911133,0.7123306393623352,-0.12003759294748306,0.3210604190826416,0.7332276105880737,-0.12532202899456024,0.35166001319885254,0.6454264521598816,-0.07977232336997986,0.3134918212890625,0.7039570212364197,-0.10818913578987122,0.2912884056568146,0.7396463751792908,-0.1164771020412445,0.2735302448272705,0.770733118057251,-0.1227944940328598,0.33180078864097595,0.6460764408111572,-0.0697292909026146,0.29893621802330017,0.7104283571243286,-0.09031669050455093,0.2777897119522095,0.7467887997627258,-0.09496435523033142,0.25999370217323303,0.7777020931243896,-0.09867968410253525,0.31812214851379395,0.6544134616851807,-0.060353897511959076,0.2936113178730011,0.7101889252662659,-0.07238776236772537,0.2783603072166443,0.7420093417167664,-0.07636778801679611,0.2649769186973572,0.7674680352210999,-0.08045070618391037,15.002784499999962
0.3711175322532654,0.5854851007461548,0.0,0.40209388732910156,0.596384584903717,-0.014981061220169067,0.4265669584274292,0.6183986663818359,-0.035092368721961975,0.45147237181663513,0.6376287341117859,-0.0536162406206131,0.48094943165779114,0.6476056575775146,-0.07317303866147995,0.39899516105651855,0.5931804180145264,-0.06020141392946243,0.39069634675979614,0.6226884126663208,-0.0816415399312973,0.38309720158576965,0.6487756371498108,-0.0901540070772171,0.37891677021980286,0.6745642423629761,-0.0948195680975914,0.3711603879928589,0.6037133932113647,-0.06117059290409088,0.35085710883140564,0.6562260985374451,-0.08314158767461777,0.34436753392219543,0.6893296837806702,-0.08945315331220627,0.3433544933795929,0.7175204157829285,-0.09447301179170609,0.34988367557525635,0.6239224672317505,-0.05926462635397911,0.3281424939632416,0.6888633966445923,-0.07876526564359665,0.32285094261169434,0.7299443483352661,-0.0829288586974144,0.32214462757110596,0.758895754814148,-0.0856550931930542,0.3356548547744751,0.6571081876754761,-0.056986138224601746,0.3187493681907654,0.7160898447036743,-0.06779853254556656,0.3173050284385681,0.7535206079483032,-0.07039905339479446,0.31854650378227234,0.7796716094017029,-0.07343458384275436,15.044521400000008
0.3842378556728363,0.622812032699585,0.0,0.4130136966705322,0.6123389005661011,-0.012336697429418564,0.4394226670265198,0.6006183624267578,-0.027339279651641846,0.4646451771259308,0.600616991519928,-0.04097914695739746,0.490699827671051,0.5990592241287231,-0.05468538776040077,0.40979570150375366,0.5719560384750366,-0.046270791441202164,0.40329429507255554,0.5917680859565735,-0.05945587903261185,0.3961136043071747,0.6270707249641418,-0.06271526962518692,0.39118969440460205,0.6552957892417908,-0.0633813664317131,0.3838335871696472,0.5754088163375854,-0.04680163785815239,0.3757372200489044,0.6157628893852234,-0.057185035198926926,0.3691553771495819,0.6471096277236938,-0.05374504253268242,0.36367249488830566,0.6702060699462891,-0.052663881331682205,0.36246779561042786,0.5928089618682861,-0.04432263597846031,0.35055357217788696,0.6302575469017029,-0.052635665982961655,0.3438167870044708,0.6659240126609802,-0.046834561973810196,0.33745884895324707,0.6916592121124268,-0.04373304545879364,0.34606844186782837,0.6172034740447998,-0.04228823632001877,0.3326946496963501,0.6512124538421631,-0.04657797887921333,0.3261876106262207,0.6740665435791016,-0.04298177734017372,0.31893008947372437,0.6885085701942444,-0.04082827270030975,15.094417399999998
0.49670329689979553,0.39943018555641174,0.0,0.522996187210083,0.35891157388687134,-0.0006377875688485801,0.5565093755722046,0.34905609488487244,-0.009684701450169086,0.5847075581550598,0.36519330739974976,-0.018498718738555908,0.6005330681800842,0.3793327212333679,-0.027556272223591805,0.5359004139900208,0.34287333488464355,-0.03612304478883743,0.5748220682144165,0.36906298995018005,-0.048214007169008255,0.5902549028396606,0.3887428939342499,-0.05092791095376015,0.5986037254333496,0.39870789647102356,-0.051886457949876785,0.5248739123344421,0.38060951232910156,-0.04300892353057861,0.5655875205993652,0.4123201072216034,-0.05659475550055504,0.5852206349372864,0.42577701807022095,-0.05649415776133537,0.5959444642066956,0.4300178289413452,-0.05646940693259239,0.5171534419059753,0.4188990294933319,-0.047255609184503555,0.555055558681488,0.4486769139766693,-0.05725438520312309,0.5752484202384949,0.461666464805603,-0.05313889682292938,0.58598393201828,0.4656197726726532,-0.05118661746382713,0.5132369995117188,0.451718270778656,-0.0509316623210907,0.5440686345100403,0.47987860441207886,-0.05768604204058647,0.5581706166267395,0.48937731981277466,-0.05462324246764183,0.5644707083702087,0.4918768107891083,-0.052748773247003555,15.237902500000018
0.4977688789367676,0.3894292116165161,0.0,0.5198262333869934,0.34950584173202515,0.0015271413139998913,0.5489083528518677,0.33530208468437195,-0.00659582344815135,0.5742488503456116,0.34045320749282837,-0.014851110056042671,0.5919719338417053,0.3515958786010742,-0.023042624816298485,0.5481771230697632,0.3185023367404938,-0.028166091069579124,0.5805545449256897,0.3273986876010895,-0.040540892630815506,0.6018447875976562,0.34055936336517334,-0.04536232724785805,0.616919755935669,0.35360220074653625,-0.04792649671435356,0.5421444177627563,0.34491926431655884,-0.035810649394989014,0.5796480774879456,0.37312573194503784,-0.04857660457491875,0.602709174156189,0.3883427381515503,-0.050088271498680115,0.6188649535179138,0.3974747061729431,-0.051556386053562164,0.535672128200531,0.378131628036499,-0.04162462428212166,0.5717455744743347,0.4086224436759949,-0.0518665611743927,0.5930635333061218,0.42345717549324036,-0.05035310238599777,0.6079427003860474,0.4297657907009125,-0.04985890910029411,0.5293846130371094,0.4094950556755066,-0.04679666459560394,0.5566470623016357,0.4363586902618408,-0.054623693227767944,0.5725983381271362,0.4489637315273285,-0.05353745445609093,0.5855193734169006,0.454868882894516,-0.05287203565239906,15.274695299999962
0.5035827159881592,0.3721466660499573,0.0,0.5250316858291626,0.33052271604537964,0.006306137423962355,0.5513438582420349,0.315079003572464,0.0033045776654034853,0.5731217861175537,0.312799870967865,-0.001603674958460033,0.5892404913902283,0.3150330185890198,-0.006666647735983133,0.5585846900939941,0.29608115553855896,-0.00862609688192606,0.5899716019630432,0.3137429654598236,-0.016096515581011772,0.611232578754425,0.32343801856040955,-0.0207284614443779,0.628324031829834,0.3305611312389374,-0.023686453700065613,0.5576217770576477,0.3149482011795044,-0.017265871167182922,0.5929685831069946,0.34029221534729004,-0.024139562621712685,0.6169189810752869,0.35297736525535583,-0.02719644457101822,0.6362559199333191,0.36018991470336914,-0.030386226251721382,0.5558074712753296,0.34263065457344055,-0.024793116375803947,0.5913965702056885,0.3673913776874542,-0.02961338870227337,0.6133367419242859,0.38053807616233826,-0.030864980071783066,0.6305868625640869,0.38706323504447937,-0.03318999707698822,0.5523386597633362,0.3722556531429291,-0.03185984864830971,0.5795634984970093,0.3960621953010559,-0.03546583279967308,0.5955148339271545,0.40842607617378235,-0.03526098281145096,0.6090686321258545,0.41546252369880676,-0.035998500883579254,15.309222299999988
0.5126758217811584,0.3558498024940491,0.0,0.5332152247428894,0.3099879026412964,0.009844346903264523,0.5582059025764465,0.2940681278705597,0.008777939714491367,0.5786558985710144,0.28807103633880615,0.00516064278781414,0.5949152112007141,0.2850338816642761,0.0012741259997710586,0.5657978653907776,0.27081218361854553,-0.002975987270474434,0.5943672060966492,0.27935975790023804,-0.008701539598405361,0.6145381331443787,0.28078845143318176,-0.01238686591386795,0.6317241787910461,0.28077423572540283,-0.014769835397601128,0.5677682757377625,0.28935855627059937,-0.013133352622389793,0.6029787063598633,0.30771803855895996,-0.018812140449881554,0.6289234757423401,0.3186129927635193,-0.021920394152402878,0.6506101489067078,0.3262783885002136,-0.025066128000617027,0.56846022605896,0.3170574903488159,-0.022105827927589417,0.6053273677825928,0.33554452657699585,-0.026513757184147835,0.628208577632904,0.3465539813041687,-0.02821476012468338,0.6468254923820496,0.35207271575927734,-0.030715465545654297,0.5672231316566467,0.34732484817504883,-0.030249452218413353,0.5965327620506287,0.36705079674720764,-0.03367151692509651,0.6139000654220581,0.3770972192287445,-0.0336698554456234,0.6292891502380371,0.3830113410949707,-0.034469522535800934,15.348248000000012
0.5234417915344238,0.3388628363609314,0.0,0.54408198595047,0.292044997215271,0.009808945469558239,0.5687764286994934,0.2715952694416046,0.00839327834546566,0.5887816548347473,0.2605690360069275,0.004548595752567053,0.6045132875442505,0.252137154340744,0.0003780578263103962,0.575221598148346,0.24923503398895264,-0.004494677297770977,0.603314995765686,0.2534230351448059,-0.01051313430070877,0.623759925365448,0.25284674763679504,-0.014141480438411236,0.6416229009628296,0.2508637309074402,-0.016466110944747925,0.5772284865379333,0.2688927948474884,-0.0147213414311409,0.6130892038345337,0.2844836115837097,-0.021426673978567123,0.6391125321388245,0.2922799289226532,-0.024909496307373047,0.6610347032546997,0.29746904969215393,-0.02811327949166298,0.578571081161499,0.2972094416618347,-0.02357824705541134,0.616987943649292,0.3108106255531311,-0.029071979224681854,0.6403166055679321,0.3187275230884552,-0.030840011313557625,0.6593415141105652,0.32179707288742065,-0.03314296156167984,0.5781446695327759,0.3275340497493744,-0.031443800777196884,0.6096986532211304,0.340518981218338,-0.035453833639621735,0.6285178661346436,0.3470151722431183,-0.03550807386636734,0.6450985670089722,0.350117951631546,-0.03627534210681915,15.384530799999993
0.5333528518676758,0.3196067214012146,0.0,0.5519823431968689,0.2703791558742523,0.008725426159799099,0.5777801871299744,0.24897009134292603,0.0069500054232776165,0.5995847582817078,0.24040015041828156,0.003206905210390687,0.617259681224823,0.23608839511871338,-0.0007295454270206392,0.5846141576766968,0.2280479371547699,-0.006397601682692766,0.6131548881530762,0.23032544553279877,-0.012608710676431656,0.6340919733047485,0.22933141887187958,-0.01564711704850197,0.6516304016113281,0.2273036539554596,-0.017341647297143936,0.5869520902633667,0.24847057461738586,-0.015767235308885574,0.62400221824646,0.2600267827510834,-0.02297578565776348,0.6503939628601074,0.26591455936431885,-0.02563663385808468,0.6723024249076843,0.26945608854293823,-0.027834570035338402,0.5887051224708557,0.2773483395576477,-0.02379237487912178,0.6280944347381592,0.28735846281051636,-0.0300444345921278,0.6515271067619324,0.2932203412055969,-0.030904682353138924,0.6703556180000305,0.29453957080841064,-0.03197595104575157,0.5884913206100464,0.3078306317329407,-0.030835051089525223,0.6206872463226318,0.3169253468513489,-0.03518800064921379,0.6394712328910828,0.3215920329093933,-0.034637246280908585,0.6558117866516113,0.32335275411605835,-0.03450984135270119,15.425307299999986
0.5441048741340637,0.3014102876186371,0.0,0.5601351857185364,0.2486448436975479,0.007766363210976124,0.5862340331077576,0.22206580638885498,0.007553733419626951,0.6091922521591187,0.21155649423599243,0.005893828812986612,0.6259291768074036,0.20724132657051086,0.004383701831102371,0.5945069193840027,0.20487478375434875,-0.001405572285875678,0.6232523322105408,0.20839908719062805,-0.0036943659652024508,0.6415608525276184,0.20875141024589539,-0.004076992627233267,0.6561006307601929,0.20648707449436188,-0.003951289691030979,0.5993154048919678,0.22490203380584717,-0.008202163502573967,0.632494330406189,0.23451219499111176,-0.009556813165545464,0.655025839805603,0.2349466234445572,-0.008676137775182724,0.6727175116539001,0.23136402666568756,-0.008945281617343426,0.6033892035484314,0.2525497376918793,-0.014009295962750912,0.6381844282150269,0.26220425963401794,-0.014396416023373604,0.6584761142730713,0.26354917883872986,-0.012570081278681755,0.6738444566726685,0.25858473777770996,-0.012661928310990334,0.6051167845726013,0.2808547616004944,-0.019314054399728775,0.6354504823684692,0.2878473699092865,-0.01976659893989563,0.6515284180641174,0.29123368859291077,-0.017812296748161316,0.6646558046340942,0.28899475932121277,-0.01692240685224533,15.45883779999997
0.5534043908119202,0.28295499086380005,0.0,0.5674512982368469,0.2314644157886505,0.007253504358232021,0.5919442176818848,0.20621828734874725,0.004599431063979864,0.6161642670631409,0.199863001704216,0.0009484390029683709,0.63404381275177,0.20159974694252014,-0.0030039099510759115,0.5989552140235901,0.18531958758831024,-0.013798115774989128,0.6328802108764648,0.18546243011951447,-0.020259616896510124,0.6550775766372681,0.18562383949756622,-0.0224461667239666,0.672583818435669,0.18554779887199402,-0.023562179878354073,0.6028614044189453,0.20663988590240479,-0.022068260237574577,0.6431078910827637,0.21056301891803741,-0.028781680390238762,0.6708167195320129,0.21357835829257965,-0.029877034947276115,0.6923216581344604,0.21649695932865143,-0.031278327107429504,0.6062401533126831,0.2373213768005371,-0.02851014770567417,0.6471583247184753,0.23860806226730347,-0.03334437683224678,0.671033501625061,0.24142073094844818,-0.03280225023627281,0.6888498663902283,0.24046991765499115,-0.03351658210158348,0.6081739664077759,0.269889771938324,-0.03400411084294319,0.6416110396385193,0.27165257930755615,-0.03758078068494797,0.6604015231132507,0.27402064204216003,-0.03643117472529411,0.6758761405944824,0.2733342945575714,-0.0361182764172554,15.505259499999966
0.5602995753288269,0.2695135772228241,0.0,0.5730760097503662,0.21984651684761047,0.007942575961351395,0.5964736938476562,0.19053594768047333,0.006303582806140184,0.6203207969665527,0.1789722442626953,0.0035551278851926327,0.6379885673522949,0.1765328198671341,0.0007639882387593389,0.6038951873779297,0.1699351966381073,-0.011438485234975815,0.6424605846405029,0.17106832563877106,-0.016236810013651848,0.6651687622070312,0.17632579803466797,-0.016585880890488625,0.6812025904655457,0.18275552988052368,-0.016413748264312744,0.6072753667831421,0.1919790357351303,-0.019474415108561516,0.6507951021194458,0.19555307924747467,-0.023599175736308098,0.6774263381958008,0.20163299143314362,-0.022575942799448967,0.6960676908493042,0.20776544511318207,-0.02276630513370037,0.6107984781265259,0.22343382239341736,-0.025706009939312935,0.6532154679298401,0.22327297925949097,-0.02827024646103382,0.6777375340461731,0.2284775674343109,-0.026163944974541664,0.6944406628608704,0.23082540929317474,-0.026105545461177826,0.6134477853775024,0.2577953338623047,-0.031035374850034714,0.6471592783927917,0.25674349069595337,-0.03327139467000961,0.6654224395751953,0.2593490183353424,-0.03128897398710251,0.6790456771850586,0.25961726903915405,-0.03039800375699997,15.539126699999997
0.5652972459793091,0.2644015848636627,0.0,0.5756100416183472,0.21493390202522278,0.009526320733129978,0.5972167253494263,0.18373265862464905,0.00806397944688797,0.6200926899909973,0.16892296075820923,0.005180676467716694,0.6378294229507446,0.16495950520038605,0.0022960107307881117,0.6054743528366089,0.1626945436000824,-0.013815738260746002,0.6469013094902039,0.15889519453048706,-0.020250042900443077,0.6692549586296082,0.1662297546863556,-0.019774118438363075,0.683818519115448,0.17607204616069794,-0.01853744499385357,0.6085202097892761,0.18572156131267548,-0.0233465489000082,0.6561959981918335,0.18528370559215546,-0.029891090467572212,0.6812454462051392,0.19377756118774414,-0.027137644588947296,0.6969878673553467,0.2025490701198578,-0.02529469132423401,0.6118701696395874,0.21760962903499603,-0.030989764258265495,0.6571029424667358,0.2157052606344223,-0.0362413190305233,0.6812445521354675,0.22213445603847504,-0.03251197189092636,0.6962352991104126,0.2264905720949173,-0.030437273904681206,0.61415034532547,0.2528074383735657,-0.037539560347795486,0.6484850645065308,0.2520216405391693,-0.04179038479924202,0.6665235757827759,0.25435954332351685,-0.03932107239961624,0.6791375875473022,0.25499269366264343,-0.03741331771016121,15.578027600000041
0.5682254433631897,0.2606012225151062,0.0,0.5785319209098816,0.2112867385149002,0.00985356979072094,0.5987245440483093,0.17864078283309937,0.008778227493166924,0.6208915710449219,0.1653795689344406,0.006254483480006456,0.6370145678520203,0.1668684482574463,0.0037569140549749136,0.6068686246871948,0.1559504270553589,-0.013827634043991566,0.6484934091567993,0.15015581250190735,-0.019892053678631783,0.669930636882782,0.15537215769290924,-0.01894308626651764,0.6834462881088257,0.16351355612277985,-0.017393385991454124,0.6105456948280334,0.1790010780096054,-0.02341502159833908,0.657909095287323,0.17510567605495453,-0.02997453138232231,0.6812162399291992,0.18146169185638428,-0.026667559519410133,0.6956174373626709,0.18902508914470673,-0.024277986958622932,0.6146037578582764,0.21049752831459045,-0.031043490394949913,0.6587263941764832,0.205460786819458,-0.0360511839389801,0.6817394495010376,0.20936429500579834,-0.03181042522192001,0.6961894035339355,0.21210254728794098,-0.029326103627681732,0.6176741719245911,0.24572603404521942,-0.03760223835706711,0.651806652545929,0.24180760979652405,-0.04156855121254921,0.670270562171936,0.240886852145195,-0.03892398625612259,0.6835282444953918,0.23914529383182526,-0.03684365749359131,15.612741700000015
0.5671050548553467,0.2601119875907898,0.0,0.5770939588546753,0.21037884056568146,0.010189405642449856,0.5947991609573364,0.17682583630084991,0.009597721509635448,0.6147984862327576,0.16139689087867737,0.007414686027914286,0.6291660666465759,0.16033217310905457,0.005269851069897413,0.6069762706756592,0.1555243730545044,-0.012123418971896172,0.648746132850647,0.14950288832187653,-0.017470091581344604,0.6700477600097656,0.1550554633140564,-0.016608258709311485,0.6833465099334717,0.16291609406471252,-0.015406949445605278,0.6110771894454956,0.17759770154953003,-0.021910373121500015,0.657924473285675,0.17317885160446167,-0.027506262063980103,0.6811286807060242,0.17806531488895416,-0.024607624858617783,0.6959121227264404,0.18407058715820312,-0.02294175513088703,0.6152204275131226,0.20821072161197662,-0.029756275936961174,0.659081757068634,0.20302259922027588,-0.03350968286395073,0.6819137334823608,0.20526699721813202,-0.02987688221037388,0.6967983245849609,0.20627234876155853,-0.0284576378762722,0.6182302236557007,0.24350422620773315,-0.03659656643867493,0.6527301073074341,0.23924753069877625,-0.04000607877969742,0.6713906526565552,0.23763743042945862,-0.03780437260866165,0.6851873993873596,0.23468874394893646,-0.036424409598112106,15.649611800000002
0.5665897130966187,0.26093393564224243,0.0,0.575570821762085,0.21023952960968018,0.011172345839440823,0.5923153758049011,0.175530344247818,0.011640777811408043,0.611815869808197,0.15920530259609222,0.010382500477135181,0.6263924837112427,0.15829993784427643,0.009150108322501183,0.6059520244598389,0.15360082685947418,-0.009737713262438774,0.647337794303894,0.14914466440677643,-0.013812483288347721,0.6674814820289612,0.15633375942707062,-0.011877913028001785,0.6793870329856873,0.16457928717136383,-0.009976347908377647,0.6113892197608948,0.17490430176258087,-0.019605616107583046,0.6575438380241394,0.17000655829906464,-0.023623919114470482,0.6799963116645813,0.17472952604293823,-0.01969381608068943,0.6943072080612183,0.18015524744987488,-0.0175081267952919,0.6161050200462341,0.20514804124832153,-0.027561267837882042,0.6593769192695618,0.19937215745449066,-0.030301354825496674,0.6812399625778198,0.201459139585495,-0.02620004490017891,0.6954485177993774,0.20230406522750854,-0.02457360178232193,0.6191691160202026,0.24081136286258698,-0.03446773812174797,0.6531757116317749,0.2366115003824234,-0.03737430274486542,0.6710817217826843,0.23540715873241425,-0.0349440798163414,0.6841799020767212,0.23273159563541412,-0.033406153321266174,15.689869599999952
0.5670664310455322,0.2614242434501648,0.0,0.576360821723938,0.20972546935081482,0.010379866696894169,0.5940698385238647,0.17503249645233154,0.010181847028434277,0.6142629981040955,0.15913935005664825,0.008308817632496357,0.6296069025993347,0.15809914469718933,0.006484059616923332,0.6057716608047485,0.15333040058612823,-0.010957206599414349,0.6477631330490112,0.14799124002456665,-0.015919683501124382,0.6683698296546936,0.1554095447063446,-0.014557999558746815,0.6807575821876526,0.16429470479488373,-0.01291017048060894,0.6109200716018677,0.17530480027198792,-0.020834825932979584,0.657331645488739,0.1687450408935547,-0.025926489382982254,0.6801804304122925,0.17299902439117432,-0.022577669471502304,0.6947813034057617,0.178939089179039,-0.0205681249499321,0.6155650019645691,0.2061552107334137,-0.028845513239502907,0.659328818321228,0.19817422330379486,-0.03243608772754669,0.6813909411430359,0.19975337386131287,-0.02843148075044155,0.6955209374427795,0.2009819746017456,-0.026634693145751953,0.6186530590057373,0.2417840212583542,-0.0358833372592926,0.6529726386070251,0.23544099926948547,-0.03914451599121094,0.6712926626205444,0.23359951376914978,-0.036660246551036835,0.6845604181289673,0.23135951161384583,-0.034996211528778076,15.735264700000016
0.566164493560791,0.2625499665737152,0.0,0.5761248469352722,0.21021142601966858,0.011612800881266594,0.5940096974372864,0.17642170190811157,0.011789398267865181,0.614838182926178,0.16201403737068176,0.010184472426772118,0.6308203935623169,0.16200321912765503,0.008706357330083847,0.6056467890739441,0.15387320518493652,-0.010671092197299004,0.6473854780197144,0.15006017684936523,-0.015216164290904999,0.6675100326538086,0.15891560912132263,-0.013392149470746517,0.6791552305221558,0.1680748164653778,-0.011482959613204002,0.6102269887924194,0.175705224275589,-0.02107696607708931,0.6571948528289795,0.16967922449111938,-0.02648887224495411,0.6803863644599915,0.17444977164268494,-0.023078788071870804,0.6951891779899597,0.18038278818130493,-0.020871562883257866,0.6145826578140259,0.20664167404174805,-0.029383664950728416,0.6591236591339111,0.19970791041851044,-0.03284585103392601,0.6814960241317749,0.2013084590435028,-0.028468312695622444,0.6959128379821777,0.202093705534935,-0.02639179676771164,0.6176374554634094,0.24262678623199463,-0.03656138479709625,0.6531197428703308,0.23707005381584167,-0.03935280069708824,0.6719263792037964,0.2349986732006073,-0.03647419065237045,0.6856762170791626,0.232191264629364,-0.03455085679888725,15.778542000000016
0.5650014877319336,0.2646075487136841,0.0,0.5749964714050293,0.21268707513809204,0.012406022287905216,0.5926108956336975,0.17846360802650452,0.013125422410666943,0.6128284931182861,0.16159063577651978,0.011878461576998234,0.6280038952827454,0.1584237515926361,0.010715480893850327,0.6051522493362427,0.15573520958423615,-0.00901156384497881,0.6468760967254639,0.15154962241649628,-0.012966589070856571,0.6671115159988403,0.15971478819847107,-0.011133100837469101,0.6789405941963196,0.16840580105781555,-0.009359098970890045,0.6096665263175964,0.17724654078483582,-0.019624019041657448,0.6564253568649292,0.17206992208957672,-0.024199340492486954,0.67975252866745,0.1764245480298996,-0.020968934521079063,0.6948176026344299,0.18177466094493866,-0.019152609631419182,0.6139349341392517,0.20797467231750488,-0.02810453437268734,0.6581029891967773,0.20177286863327026,-0.030747056007385254,0.6808295249938965,0.20344704389572144,-0.026670271530747414,0.6957852840423584,0.20393384993076324,-0.025148050859570503,0.6170223355293274,0.243852436542511,-0.03541693091392517,0.6522408723831177,0.23891937732696533,-0.03778775408864021,0.6709870100021362,0.23715779185295105,-0.03509011119604111,0.6850248575210571,0.23411086201667786,-0.03350415453314781,15.82490740000003
0.5612982511520386,0.2696411609649658,0.0,0.5727911591529846,0.21850137412548065,0.012983315624296665,0.5919230580329895,0.18630735576152802,0.013429958373308182,0.6146237850189209,0.17331701517105103,0.01215123850852251,0.631670355796814,0.17440588772296906,0.011103902943432331,0.6007822751998901,0.16216567158699036,-0.012598658911883831,0.6440572142601013,0.1600610464811325,-0.017350999638438225,0.6638512015342712,0.17221426963806152,-0.014862644486129284,0.6747744083404541,0.1828562319278717,-0.012437408789992332,0.6048834919929504,0.1827237606048584,-0.023273784667253494,0.6543726921081543,0.17585356533527374,-0.02972281165421009,0.6787970066070557,0.18248887360095978,-0.02590179070830345,0.6947723031044006,0.18901179730892181,-0.0231799129396677,0.6091349124908447,0.21276815235614777,-0.031444936990737915,0.6562992334365845,0.20686335861682892,-0.03577951714396477,0.6799591183662415,0.21104829013347626,-0.031111430376768112,0.6956618428230286,0.2128506749868393,-0.02858239971101284,0.612393856048584,0.24833901226520538,-0.0381251685321331,0.6494907736778259,0.245120570063591,-0.04099053144454956,0.6678714156150818,0.243423730134964,-0.037696417421102524,0.6817264556884766,0.2397228330373764,-0.035389889031648636,15.863700600000016
0.5601925253868103,0.27359846234321594,0.0,0.5727118849754333,0.2243005931377411,0.011721445247530937,0.5934290885925293,0.193219855427742,0.01099231094121933,0.6159263253211975,0.18156486749649048,0.008048992604017258,0.633303701877594,0.18165111541748047,0.005230997689068317,0.6011117696762085,0.1664048135280609,-0.011703550815582275,0.6441763639450073,0.1587965488433838,-0.018748939037322998,0.6661906242370605,0.16790184378623962,-0.01921105571091175,0.6797594428062439,0.17805632948875427,-0.018807094544172287,0.6035979986190796,0.1861114501953125,-0.02301245741546154,0.6521332859992981,0.18004703521728516,-0.03160730004310608,0.6775426268577576,0.18810664117336273,-0.030390365049242973,0.694210410118103,0.19673430919647217,-0.029378974810242653,0.6068365573883057,0.2158762812614441,-0.03223704919219017,0.6529505252838135,0.21199098229408264,-0.038500815629959106,0.6773907542228699,0.21815043687820435,-0.03538081422448158,0.6939201354980469,0.22185617685317993,-0.03372292220592499,0.6098294854164124,0.2506195604801178,-0.04027398303151131,0.6462934613227844,0.24951066076755524,-0.04456130415201187,0.6653906106948853,0.2490696758031845,-0.04220632091164589,0.6799407005310059,0.24700072407722473,-0.04058339074254036,15.909589399999959
0.5585846304893494,0.282145619392395,0.0,0.5706207752227783,0.2324638068675995,0.010722759179770947,0.5928289294242859,0.19953955709934235,0.00916296523064375,0.6157814264297485,0.18564210832118988,0.005321647506207228,0.6338210701942444,0.183762788772583,0.001669491408392787,0.6013315320014954,0.1740623265504837,-0.013080342672765255,0.6445714235305786,0.16506996750831604,-0.021522989496588707,0.6666668653488159,0.1765051931142807,-0.022698046639561653,0.6803496479988098,0.18917080760002136,-0.022651150822639465,0.6025868058204651,0.19324344396591187,-0.024414097890257835,0.651708722114563,0.18902574479579926,-0.03393051028251648,0.6772222518920898,0.20004874467849731,-0.032754428684711456,0.6937685012817383,0.20987725257873535,-0.031833622604608536,0.6045488715171814,0.22237873077392578,-0.03385232761502266,0.6505986452102661,0.22090162336826324,-0.04162423312664032,0.6753086447715759,0.22938334941864014,-0.03858371824026108,0.6920135617256165,0.23405027389526367,-0.036750759929418564,0.6064509153366089,0.25612908601760864,-0.042228326201438904,0.6421954035758972,0.25825265049934387,-0.04781315103173256,0.6603120565414429,0.25996941328048706,-0.04559508338570595,0.6736172437667847,0.25900399684906006,-0.04386252537369728,15.956229399999984
0.5552653670310974,0.3004940450191498,0.0,0.5730328559875488,0.25493550300598145,0.00704169599339366,0.5988017320632935,0.22416259348392487,0.002130284206941724,0.6224402785301208,0.21590222418308258,-0.005047190468758345,0.6397420167922974,0.21941310167312622,-0.012024136260151863,0.5992971658706665,0.19556358456611633,-0.021949538961052895,0.6444637179374695,0.1926937997341156,-0.035214025527238846,0.6660284399986267,0.21118248999118805,-0.037889860570430756,0.6796112656593323,0.22732095420360565,-0.038316208869218826,0.5958155393600464,0.21707193553447723,-0.034172967076301575,0.6446852087974548,0.21293194591999054,-0.04939975589513779,0.6681663393974304,0.22943685948848724,-0.048143137246370316,0.6825778484344482,0.24455764889717102,-0.046234454959630966,0.5927932262420654,0.24848626554012299,-0.0448601096868515,0.6377944946289062,0.24769507348537445,-0.05852377414703369,0.6618911623954773,0.26084697246551514,-0.0543966181576252,0.6777707934379578,0.2703186571598053,-0.05045752972364426,0.5907917618751526,0.28429800271987915,-0.05476155877113342,0.6249068379402161,0.28875166177749634,-0.0650230124592781,0.6439510583877563,0.2922964096069336,-0.06282822042703629,0.6581870317459106,0.2944599986076355,-0.06004232168197632,16.002059700000018
0.5507705807685852,0.3117793798446655,0.0,0.5768606662750244,0.2776128053665161,0.003919907379895449,0.608982503414154,0.25272074341773987,-0.0032966225408017635,0.6386818289756775,0.24898120760917664,-0.012578276917338371,0.6599723696708679,0.24778883159160614,-0.021422013640403748,0.5968495011329651,0.21652409434318542,-0.024061894044280052,0.636834979057312,0.2087911069393158,-0.03915015608072281,0.6558894515037537,0.22897370159626007,-0.04421672224998474,0.6672707796096802,0.24619093537330627,-0.04656371474266052,0.5892637968063354,0.2360457330942154,-0.03548713028430939,0.6306508183479309,0.2342441976070404,-0.052465084940195084,0.6534134149551392,0.25104790925979614,-0.05393706262111664,0.6674439907073975,0.26516202092170715,-0.05428015813231468,0.5824065804481506,0.2640145421028137,-0.04563498869538307,0.6198403835296631,0.265931636095047,-0.060846421867609024,0.6432489156723022,0.2786370515823364,-0.058572083711624146,0.6585916876792908,0.2872769236564636,-0.056117236614227295,0.5774050951004028,0.2960929870605469,-0.05528940632939339,0.6050806045532227,0.3040125370025635,-0.06675567477941513,0.622714638710022,0.30905860662460327,-0.06558733433485031,0.6359777450561523,0.31107789278030396,-0.06369965523481369,16.033592200000044
0.5481584668159485,0.3229385018348694,0.0,0.5781155824661255,0.2921124994754791,0.005964593030512333,0.6093632578849792,0.27122554183006287,-0.00022832122340332717,0.6354956030845642,0.26799362897872925,-0.009560218080878258,0.6537915468215942,0.2656852602958679,-0.018654759973287582,0.5977177023887634,0.24299092590808868,-0.020836398005485535,0.6376221776008606,0.23774118721485138,-0.03522669896483421,0.648915708065033,0.25907960534095764,-0.03993147984147072,0.6513513922691345,0.27351516485214233,-0.042110055685043335,0.5886990427970886,0.26279911398887634,-0.033649664372205734,0.6284526586532593,0.260884165763855,-0.04998300224542618,0.6429454684257507,0.278581827878952,-0.0507814846932888,0.6492545008659363,0.28969061374664307,-0.0505603589117527,0.5786445140838623,0.2887342870235443,-0.04520006477832794,0.6144853234291077,0.28944146633148193,-0.059368379414081573,0.6307234168052673,0.302342027425766,-0.055842019617557526,0.6384106874465942,0.31102603673934937,-0.05288312956690788,0.5693902969360352,0.317945659160614,-0.05628662556409836,0.592699408531189,0.324805349111557,-0.06680264323949814,0.6039495468139648,0.3313208818435669,-0.06466468423604965,0.6098935604095459,0.3358609080314636,-0.062269940972328186,16.07299379999995
0.43695029616355896,0.5719580054283142,0.0,0.4052313566207886,0.5682023763656616,-0.002462754026055336,0.380308598279953,0.5806634426116943,-0.01586306281387806,0.3638354241847992,0.6007115840911865,-0.029588747769594193,0.351339727640152,0.6193395256996155,-0.04604730010032654,0.3762349486351013,0.5943008065223694,-0.05075311288237572,0.3514519929885864,0.6227384209632874,-0.07934359461069107,0.33238786458969116,0.6383539438247681,-0.0982276052236557,0.31657373905181885,0.6527758836746216,-0.11163560301065445,0.39135146141052246,0.5955042839050293,-0.06442302465438843,0.3708275556564331,0.6150107383728027,-0.09788962453603745,0.35318130254745483,0.6360573172569275,-0.11648005247116089,0.33749571442604065,0.6564769148826599,-0.1306518167257309,0.41030341386795044,0.5963399410247803,-0.07607161998748779,0.3943822383880615,0.6127923130989075,-0.10931262373924255,0.3795713186264038,0.6351419687271118,-0.1259211301803589,0.36475130915641785,0.6545178294181824,-0.13700219988822937,0.4302919805049896,0.5962087512016296,-0.08600801974534988,0.42567381262779236,0.6120601892471313,-0.11458452045917511,0.4185771644115448,0.6305005550384521,-0.12761706113815308,0.4097163677215576,0.6490924954414368,-0.13726352155208588,16.330758800000012
0.41107308864593506,0.5510759353637695,0.0,0.4174547791481018,0.5960553288459778,-0.016785195097327232,0.4185154438018799,0.6431540846824646,-0.033731527626514435,0.4168349802494049,0.6715596318244934,-0.04730583727359772,0.4177454113960266,0.6873852610588074,-0.06199777498841286,0.4046434462070465,0.6369286775588989,-0.05554119497537613,0.381654292345047,0.6750935316085815,-0.07420463860034943,0.3628637194633484,0.6982901692390442,-0.08302237093448639,0.34588444232940674,0.7167989015579224,-0.0883825495839119,0.387510746717453,0.6026612520217896,-0.054340213537216187,0.3574667274951935,0.6485933065414429,-0.07637672126293182,0.33134815096855164,0.6821593046188354,-0.085879385471344,0.3105155825614929,0.7076483964920044,-0.0924285277724266,0.3750233054161072,0.5738725662231445,-0.0508301667869091,0.34666162729263306,0.6217344403266907,-0.06923560798168182,0.32373949885368347,0.6548361778259277,-0.07716628909111023,0.30365246534347534,0.6789267063140869,-0.08220068365335464,0.36535993218421936,0.5481272339820862,-0.047199469059705734,0.34524375200271606,0.5881037712097168,-0.059494972229003906,0.3311772644519806,0.6160004138946533,-0.06478025764226913,0.3174516260623932,0.6358878016471863,-0.0689677819609642,16.367530399999964
0.39116522669792175,0.5495612621307373,0.0,0.39978209137916565,0.5961552262306213,-0.012166742235422134,0.40582627058029175,0.6523070931434631,-0.028752461075782776,0.4163888096809387,0.6934034824371338,-0.04164585843682289,0.42819496989250183,0.7150212526321411,-0.05495329946279526,0.3939383029937744,0.6435226202011108,-0.05483340844511986,0.36973172426223755,0.681806206703186,-0.0728955864906311,0.3489689230918884,0.708169162273407,-0.08304620534181595,0.33064910769462585,0.7279173731803894,-0.08989333361387253,0.3803740441799164,0.6180838942527771,-0.0543849840760231,0.35191917419433594,0.6567188501358032,-0.07735184580087662,0.3292555510997772,0.6879529356956482,-0.08862360566854477,0.3101034462451935,0.7126682996749878,-0.09672439843416214,0.36837637424468994,0.5961320400238037,-0.05065661296248436,0.3417688012123108,0.641252875328064,-0.06856131553649902,0.3234564960002899,0.6755983829498291,-0.07685016095638275,0.30810976028442383,0.7013357877731323,-0.08252149820327759,0.3576141893863678,0.5812427401542664,-0.046030834317207336,0.34008336067199707,0.623964786529541,-0.05733862891793251,0.3278295397758484,0.653001070022583,-0.06270934641361237,0.31555092334747314,0.674281656742096,-0.06757666915655136,16.400019300000054
0.38047224283218384,0.5642665028572083,0.0,0.3894641697406769,0.6148978471755981,-0.01717224530875683,0.3969496190547943,0.6734123826026917,-0.03732942044734955,0.4067322015762329,0.7162550687789917,-0.05213393270969391,0.4160178601741791,0.7446162700653076,-0.06737740337848663,0.3919222056865692,0.661492645740509,-0.06917703151702881,0.3753066956996918,0.6981812715530396,-0.09288465976715088,0.3622179329395294,0.7257663607597351,-0.10499727725982666,0.3492177426815033,0.7491663694381714,-0.11244718730449677,0.38121336698532104,0.6368720531463623,-0.06816720217466354,0.3558240234851837,0.6839042901992798,-0.09603346884250641,0.33378544449806213,0.7150846719741821,-0.10656718164682388,0.3132650852203369,0.7367264628410339,-0.11386582255363464,0.36864084005355835,0.612517237663269,-0.06417161226272583,0.3427692949771881,0.6627956032752991,-0.08618481457233429,0.32505810260772705,0.6936618089675903,-0.09126244485378265,0.3100622296333313,0.7154995203018188,-0.09450363367795944,0.35641372203826904,0.5941057205200195,-0.059572264552116394,0.33786648511886597,0.6412715315818787,-0.07413602620363235,0.3261184096336365,0.6670821309089661,-0.07777983695268631,0.3151742219924927,0.6857971549034119,-0.08099445700645447,16.4387064
0.37792840600013733,0.5729690790176392,0.0,0.3857404291629791,0.619110107421875,-0.025107234716415405,0.3945518434047699,0.6735336184501648,-0.04679014906287193,0.4069404900074005,0.7106443643569946,-0.06215023994445801,0.4219592213630676,0.740411639213562,-0.07745809853076935,0.38928577303886414,0.6730715036392212,-0.0730103924870491,0.39908936619758606,0.7026464939117432,-0.09635109454393387,0.40825575590133667,0.7259634137153625,-0.10802581161260605,0.41646358370780945,0.7509065866470337,-0.11515682190656662,0.3819943070411682,0.6481735110282898,-0.06861452013254166,0.3526282012462616,0.6841576099395752,-0.09420068562030792,0.33136656880378723,0.7053617835044861,-0.10114267468452454,0.31549546122550964,0.7213641405105591,-0.10633567720651627,0.37015271186828613,0.62290358543396,-0.06225108727812767,0.3416319787502289,0.660230815410614,-0.08194237947463989,0.32151347398757935,0.6805688142776489,-0.0831250250339508,0.3077183961868286,0.6963750123977661,-0.08434703201055527,0.35832679271698,0.6021597385406494,-0.056649867445230484,0.33726802468299866,0.6375049948692322,-0.07016056030988693,0.32456889748573303,0.6508740782737732,-0.07146668434143066,0.31533849239349365,0.6593982577323914,-0.07272424548864365,16.47285569999997
0.37301620841026306,0.5823037028312683,0.0,0.38328421115875244,0.6283328533172607,-0.024371160194277763,0.39115822315216064,0.6781845092773438,-0.047078367322683334,0.39919495582580566,0.7081164717674255,-0.062383294105529785,0.4082027077674866,0.7316182255744934,-0.07747051119804382,0.39157700538635254,0.668858528137207,-0.08149325102567673,0.4045519232749939,0.6999590396881104,-0.10916482657194138,0.41543543338775635,0.7293550968170166,-0.12375882267951965,0.4248737394809723,0.7579467296600342,-0.13242408633232117,0.3797348439693451,0.6475266814231873,-0.0770723968744278,0.3550362288951874,0.6874604821205139,-0.10692617297172546,0.3341127634048462,0.7110525369644165,-0.11521407961845398,0.3185654282569885,0.7266206741333008,-0.12082891166210175,0.364885151386261,0.629725992679596,-0.07008649408817291,0.3382878601551056,0.6694605350494385,-0.09286801517009735,0.320708304643631,0.6934496164321899,-0.09422533214092255,0.3090934157371521,0.7104068994522095,-0.09507129341363907,0.350028395652771,0.6159365773200989,-0.06345458328723907,0.3333178162574768,0.6547821164131165,-0.07876643538475037,0.3242451846599579,0.6689244508743286,-0.08045069873332977,0.31796905398368835,0.6764499545097351,-0.08187223225831985,16.511218900000017
0.37191951274871826,0.5884956121444702,0.0,0.3817228376865387,0.6334927082061768,-0.02674839459359646,0.38705503940582275,0.6803964972496033,-0.050365958362817764,0.3884435296058655,0.7064579725265503,-0.06615357100963593,0.38999950885772705,0.7195008397102356,-0.08177919685840607,0.3927105665206909,0.6722996234893799,-0.08418525755405426,0.3950076699256897,0.7038787603378296,-0.11486559361219406,0.39734750986099243,0.7335196137428284,-0.13192754983901978,0.3987528383731842,0.7587734460830688,-0.1417113095521927,0.38060814142227173,0.6490288972854614,-0.07883426547050476,0.35431212186813354,0.6923202276229858,-0.11076235771179199,0.3338356912136078,0.7169731855392456,-0.12040764093399048,0.3178928792476654,0.7327049970626831,-0.12658251821994781,0.3653869926929474,0.6319048404693604,-0.07142920792102814,0.33805418014526367,0.672249972820282,-0.09623286128044128,0.32291775941848755,0.6949894428253174,-0.09825312346220016,0.31243154406547546,0.7103249430656433,-0.09882158041000366,0.3505701720714569,0.620223343372345,-0.06456878781318665,0.3318576514720917,0.6577892303466797,-0.08067158609628677,0.32178688049316406,0.6715202331542969,-0.08235947787761688,0.3142281770706177,0.6793336272239685,-0.08352092653512955,16.545052700000042
0.37613680958747864,0.5939518809318542,0.0,0.37648776173591614,0.623381495475769,-0.03387272357940674,0.37259209156036377,0.6661321520805359,-0.05737131088972092,0.3685212731361389,0.6962699890136719,-0.0710422471165657,0.36544060707092285,0.7102246284484863,-0.0840052142739296,0.38708165287971497,0.6627650260925293,-0.0871381089091301,0.36911818385124207,0.6994657516479492,-0.11185552924871445,0.35381460189819336,0.7225057482719421,-0.12317406386137009,0.3408823609352112,0.7434109449386597,-0.12960538268089294,0.3797132670879364,0.6518338322639465,-0.07604457437992096,0.34619247913360596,0.6882026791572571,-0.10308974236249924,0.32405734062194824,0.7097790837287903,-0.10971157997846603,0.3077545166015625,0.7247970104217529,-0.11426453292369843,0.3688896596431732,0.6432919502258301,-0.062965027987957,0.3359634280204773,0.6757565140724182,-0.08542583137750626,0.32040876150131226,0.696851909160614,-0.08973386883735657,0.3108954131603241,0.7120981216430664,-0.09202815592288971,0.35800275206565857,0.6387909054756165,-0.05062640830874443,0.3349496126174927,0.6674449443817139,-0.0670463964343071,0.32494792342185974,0.6787770390510559,-0.07160809636116028,0.31891775131225586,0.685085654258728,-0.074623703956604,16.590148500000055
0.5061493515968323,0.4055430591106415,0.0,0.5323011875152588,0.36578568816185,-0.0020165846217423677,0.5615357160568237,0.3619821071624756,-0.013110917061567307,0.5856267213821411,0.38722002506256104,-0.02256210707128048,0.597454309463501,0.40821436047554016,-0.03232387825846672,0.5311587452888489,0.3555808365345001,-0.04723653942346573,0.5664322376251221,0.38722050189971924,-0.06103290617465973,0.5849595665931702,0.40835967659950256,-0.06334470957517624,0.5960381031036377,0.4201224148273468,-0.06355445086956024,0.5166450142860413,0.39472946524620056,-0.05297892540693283,0.5554593205451965,0.4349100589752197,-0.06930214166641235,0.5801154375076294,0.44978559017181396,-0.06858644634485245,0.5946255922317505,0.45387446880340576,-0.06790877133607864,0.5091043710708618,0.4343454837799072,-0.054972656071186066,0.5470708012580872,0.47056588530540466,-0.06699147820472717,0.5728715658187866,0.48330235481262207,-0.06183784827589989,0.5881751775741577,0.4842206537723541,-0.05899588763713837,0.5071718096733093,0.46692174673080444,-0.05597638711333275,0.5392031669616699,0.5006490349769592,-0.06343391537666321,0.5586592555046082,0.5073370933532715,-0.05964057520031929,0.5691668391227722,0.5052651762962341,-0.05732195824384689,16.942477000000054
0.5005491375923157,0.3950596749782562,0.0,0.5273680686950684,0.3677736520767212,0.0038123801350593567,0.5546014904975891,0.3547637164592743,-0.0007929103448987007,0.5753295421600342,0.3499820828437805,-0.006812446750700474,0.5912602543830872,0.35053160786628723,-0.012993264012038708,0.5579217076301575,0.33340033888816833,-0.013255024328827858,0.5879697799682617,0.34647899866104126,-0.022046571597456932,0.6092418432235718,0.35476720333099365,-0.027641577646136284,0.6268980503082275,0.3610994517803192,-0.03130846843123436,0.5537335276603699,0.34774917364120483,-0.021260546520352364,0.5885708332061768,0.37087228894233704,-0.0296391062438488,0.6126633286476135,0.38226667046546936,-0.03349233791232109,0.6328216791152954,0.38853132724761963,-0.037252265959978104,0.5495620369911194,0.3694075047969818,-0.028176486492156982,0.5850813984870911,0.39286354184150696,-0.034250058233737946,0.60748291015625,0.4052097201347351,-0.03582476079463959,0.6255112290382385,0.41183772683143616,-0.03840208053588867,0.5444883704185486,0.3919526934623718,-0.03474503755569458,0.5714775919914246,0.4125276207923889,-0.03905630484223366,0.5874812602996826,0.4249449670314789,-0.038829825818538666,0.6009672284126282,0.43274372816085815,-0.03969781473278999,16.981151999999952
0.5089504718780518,0.372246652841568,0.0,0.5316733717918396,0.33169713616371155,0.008729306049644947,0.5570954084396362,0.3145621716976166,0.007524605840444565,0.5777376890182495,0.308484822511673,0.0039400579407811165,0.5935381054878235,0.30685558915138245,0.000199325499124825,0.5621421933174133,0.29236382246017456,-0.0025059503968805075,0.5888808965682983,0.297831654548645,-0.008111568167805672,0.6080263257026672,0.30044251680374146,-0.011439123190939426,0.6241034865379333,0.30273282527923584,-0.013461792841553688,0.5628229975700378,0.3088645935058594,-0.012032718397676945,0.5966016054153442,0.32779619097709656,-0.017344225198030472,0.622225284576416,0.3378387689590454,-0.01969192549586296,0.6434395909309387,0.3448489010334015,-0.02224261686205864,0.5624418258666992,0.3342580795288086,-0.020649584010243416,0.5986359715461731,0.3548063337802887,-0.024420717731118202,0.6211875677108765,0.366820365190506,-0.024652469903230667,0.6391774415969849,0.37298181653022766,-0.02615576796233654,0.5606624484062195,0.3614811301231384,-0.028704024851322174,0.5893461108207703,0.3797081708908081,-0.03155088424682617,0.6068115234375,0.3894532322883606,-0.030684443190693855,0.6220893859863281,0.39445754885673523,-0.03084331564605236,17.016434300000014
0.5167774558067322,0.35081443190574646,0.0,0.537259042263031,0.30797240138053894,0.008415913209319115,0.5622137188911438,0.2875012457370758,0.007567988242954016,0.5816437005996704,0.2732970118522644,0.004278732929378748,0.5965020060539246,0.25888413190841675,0.0007468269905075431,0.5695032477378845,0.26659661531448364,-0.000874811434186995,0.5976847410202026,0.27633756399154663,-0.006129415240138769,0.6179667711257935,0.27969199419021606,-0.009671512991189957,0.6347756385803223,0.2812073826789856,-0.011846586130559444,0.5719344615936279,0.28514379262924194,-0.009871955029666424,0.6059851050376892,0.3029552102088928,-0.01513183768838644,0.631331205368042,0.31144556403160095,-0.018205877393484116,0.6527315378189087,0.31664004921913147,-0.021122045814990997,0.5733928680419922,0.3107648491859436,-0.018053803592920303,0.6094096302986145,0.32573679089546204,-0.022020922973752022,0.6318411231040955,0.33453476428985596,-0.023311419412493706,0.650017499923706,0.3385581970214844,-0.02542383410036564,0.5727517008781433,0.3383924067020416,-0.02568586729466915,0.6015400886535645,0.3501075208187103,-0.02894827537238598,0.6193619966506958,0.3567494750022888,-0.028842058032751083,0.6351773738861084,0.35990431904792786,-0.02939307689666748,17.0601944
0.5262815356254578,0.3336520791053772,0.0,0.5484263896942139,0.29684001207351685,0.012375268153846264,0.5720949769020081,0.2702023386955261,0.015204493887722492,0.5898182392120361,0.2514335513114929,0.014733153395354748,0.6048439145088196,0.23677289485931396,0.01421666331589222,0.5783539414405823,0.2524150609970093,0.01109040342271328,0.6025292277336121,0.24920856952667236,0.010199743323028088,0.6214210391044617,0.2468688189983368,0.009377422742545605,0.6365976929664612,0.24213261902332306,0.00887206755578518,0.5828302502632141,0.2666545510292053,0.001774426782503724,0.6114146709442139,0.27026793360710144,0.0010057160397991538,0.6324377655982971,0.2677444517612457,0.0005760053754784167,0.6498322486877441,0.2614023685455322,-0.0003137195890303701,0.5868576765060425,0.2854626774787903,-0.007043313700705767,0.6181082725524902,0.289203405380249,-0.006964025553315878,0.6380129456520081,0.2893090546131134,-0.0054463655687868595,0.6532596349716187,0.2864384651184082,-0.005607049912214279,0.5887212753295898,0.305564284324646,-0.01537251751869917,0.6171866655349731,0.3077515959739685,-0.016098015010356903,0.6380162835121155,0.3090667426586151,-0.01504490152001381,0.6563066840171814,0.3081358075141907,-0.01472482830286026,17.09344580000004
0.5353067517280579,0.3123244047164917,0.0,0.5522636771202087,0.2618356943130493,0.010858818888664246,0.5758200883865356,0.23695389926433563,0.01191882137209177,0.5952863693237305,0.2240046262741089,0.010343868285417557,0.6120973825454712,0.2170763909816742,0.00858253426849842,0.5837019681930542,0.22180403769016266,0.004302367568016052,0.6080944538116455,0.2171867936849594,0.00225639040581882,0.6264382600784302,0.21302330493927002,0.0012900350848212838,0.6424180269241333,0.2087303102016449,0.000894944416359067,0.5897048711776733,0.23959006369113922,-0.00459858076646924,0.6188299655914307,0.24179501831531525,-0.005805300548672676,0.6419978141784668,0.24122625589370728,-0.005566678941249847,0.6614938378334045,0.23818577826023102,-0.006227147299796343,0.5946833491325378,0.2635338306427002,-0.012693475931882858,0.627302885055542,0.2672480046749115,-0.013261633925139904,0.6487927436828613,0.2686050236225128,-0.011438253335654736,0.6653368473052979,0.266635000705719,-0.011533558368682861,0.5970414876937866,0.2876560389995575,-0.020215550437569618,0.6253587007522583,0.2893237769603729,-0.02089996449649334,0.6430093050003052,0.28958195447921753,-0.01900581084191799,0.65762859582901,0.2873258590698242,-0.018264031037688255,17.134257899999966
0.5447919368743896,0.2944300174713135,0.0,0.5589552521705627,0.2423681616783142,0.0072616105899214745,0.5833668112754822,0.2132623791694641,0.0065477811731398106,0.6048383712768555,0.19841612875461578,0.004497102927416563,0.6199957132339478,0.18897253274917603,0.002439029049128294,0.5909333825111389,0.19696006178855896,-0.003960802685469389,0.6196763515472412,0.19912245869636536,-0.007252923212945461,0.6378045082092285,0.19911211729049683,-0.00811043381690979,0.6519232392311096,0.19726300239562988,-0.008270381949841976,0.5964352488517761,0.2167937457561493,-0.010810895822942257,0.6294023394584656,0.2241104245185852,-0.013606514781713486,0.6527165174484253,0.22418394684791565,-0.013505332171916962,0.671180248260498,0.22232481837272644,-0.014258887618780136,0.6013679504394531,0.24411851167678833,-0.016537588089704514,0.6363796591758728,0.2489137351512909,-0.018193058669567108,0.6576422452926636,0.24958156049251556,-0.01685335673391819,0.6738979816436768,0.24626849591732025,-0.01723530888557434,0.6042014360427856,0.27254730463027954,-0.02169989049434662,0.6349548697471619,0.2757256031036377,-0.023418480530381203,0.6530972719192505,0.277334988117218,-0.02213561348617077,0.6686252355575562,0.2749810218811035,-0.021666986867785454,17.170398299999988
0.5536112785339355,0.2764012813568115,0.0,0.5656853318214417,0.22446325421333313,0.005987728945910931,0.5893971920013428,0.1974911242723465,0.003286731895059347,0.6132680773735046,0.18926167488098145,-0.00021841065608896315,0.630974292755127,0.19027766585350037,-0.003991683945059776,0.5967385172843933,0.17900805175304413,-0.012736031785607338,0.6303020119667053,0.18086490035057068,-0.01886621303856373,0.6528521776199341,0.1816100776195526,-0.02109522931277752,0.6703558564186096,0.18214942514896393,-0.022162413224577904,0.6015770435333252,0.20024658739566803,-0.019951075315475464,0.6402705907821655,0.20266348123550415,-0.025971340015530586,0.6670202016830444,0.2036484330892563,-0.02708359621465206,0.6878897547721863,0.20505183935165405,-0.028514793142676353,0.6058692932128906,0.23040209710597992,-0.025573983788490295,0.6451922655105591,0.22992585599422455,-0.029991725459694862,0.6684245467185974,0.2313167005777359,-0.029807979241013527,0.686008632183075,0.22956055402755737,-0.030690183863043785,0.6086558103561401,0.2627342939376831,-0.030411027371883392,0.6411452293395996,0.2617427110671997,-0.033970367163419724,0.659747302532196,0.26248249411582947,-0.03321867436170578,0.6753153800964355,0.2606460154056549,-0.033072881400585175,17.21085389999996
0.5614912509918213,0.2660747766494751,0.0,0.5721794962882996,0.21686232089996338,0.008455654606223106,0.5898461937904358,0.1823204755783081,0.007364544551819563,0.6053146719932556,0.15706436336040497,0.005308939144015312,0.6112706065177917,0.14372317492961884,0.0030839964747428894,0.6030352115631104,0.16403955221176147,-0.01136124785989523,0.6387414932250977,0.16297662258148193,-0.015198500826954842,0.6597802639007568,0.1640186607837677,-0.015322509221732616,0.6745966076850891,0.16629499197006226,-0.01516196969896555,0.6074894070625305,0.18612754344940186,-0.019063761457800865,0.6478835940361023,0.1866985708475113,-0.02208513393998146,0.673125147819519,0.187484011054039,-0.02109895832836628,0.6909911632537842,0.19015736877918243,-0.021569425240159035,0.6117404103279114,0.2172713577747345,-0.024696292355656624,0.6507963538169861,0.2136000096797943,-0.025808390229940414,0.6744517683982849,0.21517404913902283,-0.02389146387577057,0.6907504796981812,0.2147812843322754,-0.024431711062788963,0.6145802140235901,0.2501751780509949,-0.029370496049523354,0.646236777305603,0.24650141596794128,-0.03041571006178856,0.6635200381278992,0.2456783503293991,-0.02834709919989109,0.6773051023483276,0.24281999468803406,-0.027808405458927155,17.243354700000054
0.5655919313430786,0.2598112225532532,0.0,0.5738234519958496,0.21085448563098907,0.010888095013797283,0.5924455523490906,0.17813228070735931,0.010766609571874142,0.6125141978263855,0.16142545640468597,0.009109838865697384,0.6267669796943665,0.15876856446266174,0.007307588588446379,0.6026629209518433,0.15753379464149475,-0.011718512512743473,0.6428860425949097,0.15422837436199188,-0.01661227084696293,0.6634857654571533,0.15807631611824036,-0.01509107369929552,0.6771411299705505,0.16410015523433685,-0.01326542254537344,0.6075933575630188,0.18004865944385529,-0.02135082520544529,0.6534972190856934,0.1766018122434616,-0.026094848290085793,0.6768502593040466,0.1811174899339676,-0.022375693544745445,0.6920608878135681,0.18689750134944916,-0.020044784992933273,0.6122451424598694,0.21142669022083282,-0.028992578387260437,0.6559132933616638,0.2060120850801468,-0.0324762687087059,0.6781859397888184,0.2090487778186798,-0.028225114569067955,0.6922792792320251,0.21089757978916168,-0.026116518303751945,0.615190327167511,0.24609142541885376,-0.035465892404317856,0.6488401293754578,0.24164624512195587,-0.03836304694414139,0.6664363741874695,0.24016842246055603,-0.03556501120328903,0.6793432235717773,0.23790569603443146,-0.03365219011902809,17.289232500000026
0.5657927393913269,0.25722578167915344,0.0,0.5744589567184448,0.2094067484140396,0.009190193377435207,0.5926172137260437,0.17635072767734528,0.008478485979139805,0.6124852299690247,0.16050413250923157,0.006372368428856134,0.626503586769104,0.1609850525856018,0.004250715486705303,0.6035953760147095,0.15571394562721252,-0.011922480538487434,0.644345760345459,0.149092435836792,-0.017029190436005592,0.665554940700531,0.15332651138305664,-0.016266271471977234,0.6792460083961487,0.16045205295085907,-0.015113209374248981,0.6082012057304382,0.17786800861358643,-0.02095169946551323,0.6539039015769958,0.1727067530155182,-0.025621118023991585,0.6766950488090515,0.17670029401779175,-0.02259640395641327,0.6910653114318848,0.18272905051708221,-0.020998550578951836,0.6127431988716125,0.20822946727275848,-0.028195856139063835,0.6551811099052429,0.20171013474464417,-0.03139564394950867,0.677406907081604,0.2038872092962265,-0.027867358177900314,0.6913506388664246,0.2056640088558197,-0.026552679017186165,0.6159918904304504,0.24252381920814514,-0.03456149622797966,0.6490094065666199,0.2372346818447113,-0.03770734742283821,0.6669495105743408,0.23599964380264282,-0.03562845662236214,0.6798445582389832,0.23420630395412445,-0.034343793988227844,17.330869699999994
0.564970076084137,0.25806277990341187,0.0,0.5749863982200623,0.20761390030384064,0.011276164092123508,0.5944408774375916,0.17584989964962006,0.011150135658681393,0.6171477437019348,0.16451875865459442,0.009671345353126526,0.6334234476089478,0.16878187656402588,0.00825140904635191,0.601658046245575,0.15330934524536133,-0.014202198013663292,0.6438496708869934,0.15074874460697174,-0.01866954378783703,0.664235532283783,0.15996053814888,-0.015890896320343018,0.6760987043380737,0.169174924492836,-0.013198073953390121,0.6064648628234863,0.17545440793037415,-0.023926308378577232,0.6533930897712708,0.16958922147750854,-0.028891287744045258,0.6765058636665344,0.17539766430854797,-0.02399958111345768,0.6913830041885376,0.18156248331069946,-0.02078479714691639,0.6110126972198486,0.20658613741397858,-0.03133338689804077,0.6554319858551025,0.19938801229000092,-0.034760162234306335,0.6775927543640137,0.20159444212913513,-0.02961841970682144,0.6918911337852478,0.20279358327388763,-0.026935303583741188,0.6143358945846558,0.2421678602695465,-0.037421815097332,0.6492934226989746,0.23695789277553558,-0.04031817242503166,0.6675222516059875,0.2352292388677597,-0.037090692669153214,0.6809059977531433,0.23268765211105347,-0.03477415814995766,17.364054499999952
0.5644779801368713,0.25910696387290955,0.0,0.5746298432350159,0.20770858228206635,0.01211589202284813,0.593842089176178,0.17618058621883392,0.012590005993843079,0.6162896752357483,0.16427169740200043,0.011431935243308544,0.6326217651367188,0.16738037765026093,0.010301732458174229,0.6017513275146484,0.15334482491016388,-0.0115751251578331,0.6429535150527954,0.150623619556427,-0.015489195473492146,0.6629782319068909,0.16027145087718964,-0.013024939224123955,0.6749828457832336,0.16972100734710693,-0.010713509283959866,0.6068101525306702,0.17564547061920166,-0.021733568981289864,0.6526650786399841,0.16958890855312347,-0.026118377223610878,0.6756080985069275,0.17421258985996246,-0.021991511806845665,0.6907521486282349,0.17991773784160614,-0.019503213465213776,0.6115307807922363,0.20707201957702637,-0.029606016352772713,0.6554046273231506,0.19900855422019958,-0.032224226742982864,0.6773075461387634,0.20004741847515106,-0.027610382065176964,0.6916486620903015,0.2006392478942871,-0.02560606598854065,0.6148823499679565,0.2429351955652237,-0.036175403743982315,0.6494553685188293,0.23645029962062836,-0.0384720154106617,0.6675394773483276,0.23382706940174103,-0.035464853048324585,0.681086540222168,0.23056580126285553,-0.03355596214532852,17.410815700000057
0.563883364200592,0.2609136998653412,0.0,0.5734702944755554,0.21008753776550293,0.01110907644033432,0.5924115180969238,0.17667163908481598,0.011102763935923576,0.6139219403266907,0.16237463057041168,0.009332830086350441,0.6297840476036072,0.16303981840610504,0.0075179715640842915,0.6023516058921814,0.15586908161640167,-0.011001786217093468,0.6434968113899231,0.14980235695838928,-0.015829769894480705,0.664418637752533,0.156590074300766,-0.014548487961292267,0.6772279739379883,0.1651424765586853,-0.013035017065703869,0.6070603132247925,0.17825134098529816,-0.02104194089770317,0.6527047157287598,0.17250609397888184,-0.02603781968355179,0.6757553815841675,0.17597050964832306,-0.022993918508291245,0.6909734606742859,0.18154959380626678,-0.021255655214190483,0.6114508509635925,0.20966608822345734,-0.029050882905721664,0.6549490094184875,0.2021779865026474,-0.03233746066689491,0.67703777551651,0.20270192623138428,-0.02864614687860012,0.6915965676307678,0.20327025651931763,-0.02721119113266468,0.614649772644043,0.2450469434261322,-0.03594907745718956,0.6487984657287598,0.23926076292991638,-0.038999732583761215,0.6671801805496216,0.2363288402557373,-0.036770861595869064,0.6810200214385986,0.233022540807724,-0.03539137542247772,17.443006200000013
0.5625391602516174,0.26566603779792786,0.0,0.5725001692771912,0.21514935791492462,0.012201914563775063,0.5903315544128418,0.18059982359409332,0.012906164862215519,0.6108651757240295,0.1652301847934723,0.011631711386144161,0.6254476308822632,0.16639107465744019,0.010300285182893276,0.6012722253799438,0.15855510532855988,-0.009249307215213776,0.6421632766723633,0.1548384577035904,-0.013401142321527004,0.6625799536705017,0.1627974808216095,-0.011926178820431232,0.6751884818077087,0.1709022969007492,-0.010465019382536411,0.6061815619468689,0.17965734004974365,-0.019799821078777313,0.6524180173873901,0.1753053367137909,-0.024123426526784897,0.6758500337600708,0.17964258790016174,-0.021052952855825424,0.6915740370750427,0.18496866524219513,-0.01957136206328869,0.6108168363571167,0.20997487008571625,-0.028248785063624382,0.6549268364906311,0.20449529588222504,-0.03069593384861946,0.6773451566696167,0.20662333071231842,-0.02690860815346241,0.6922878623008728,0.207703098654747,-0.02576790377497673,0.614271342754364,0.245219886302948,-0.03556374832987785,0.6492759585380554,0.24127712845802307,-0.03780049458146095,0.6674309372901917,0.23964446783065796,-0.03529556840658188,0.6811931133270264,0.236592099070549,-0.034007251262664795,17.48138080000001
0.5610275864601135,0.2684686481952667,0.0,0.571760356426239,0.21807372570037842,0.01473152730613947,0.5910868644714355,0.184983491897583,0.016272403299808502,0.6123429536819458,0.16988302767276764,0.01561175286769867,0.6275014281272888,0.17046135663986206,0.015003368258476257,0.6000046133995056,0.16002671420574188,-0.008571794256567955,0.6412296891212463,0.1581423133611679,-0.012095347978174686,0.6618635654449463,0.16763080656528473,-0.00945917796343565,0.6747246980667114,0.17762349545955658,-0.007064537610858679,0.6038139462471008,0.1813577264547348,-0.020075833424925804,0.6508578062057495,0.1774476319551468,-0.024635253474116325,0.6746975779533386,0.1832985281944275,-0.02048172987997532,0.690829873085022,0.19019225239753723,-0.017818652093410492,0.6082132458686829,0.21252118051052094,-0.029167575761675835,0.6534497141838074,0.20737488567829132,-0.03190052509307861,0.6764815449714661,0.21091367304325104,-0.026779187843203545,0.6919323801994324,0.21360190212726593,-0.024290449917316437,0.612075924873352,0.24831625819206238,-0.03676597774028778,0.6482754349708557,0.24417437613010406,-0.03873689845204353,0.6669740080833435,0.24258416891098022,-0.03522586077451706,0.6814941763877869,0.24020707607269287,-0.03292195871472359,17.51784650000002
0.5574294328689575,0.2772887349128723,0.0,0.5681620836257935,0.22850345075130463,0.008947229944169521,0.5897051095962524,0.195732980966568,0.006804236676543951,0.6130203604698181,0.18160583078861237,0.0029514965135604143,0.6306841373443604,0.1805621087551117,-0.0007539374637417495,0.5977953672409058,0.17280313372612,-0.01525799185037613,0.6406579613685608,0.16472847759723663,-0.02314247004687786,0.66309654712677,0.17401337623596191,-0.02372976392507553,0.6772892475128174,0.18407019972801208,-0.023328175768256187,0.5994681715965271,0.1934937983751297,-0.025526179000735283,0.6488274335861206,0.19156226515769958,-0.03382664918899536,0.6738783121109009,0.20079375803470612,-0.03187928721308708,0.6900367736816406,0.2083684802055359,-0.030682174488902092,0.6017057299613953,0.22417575120925903,-0.03394969180226326,0.6482199430465698,0.22296780347824097,-0.04052519425749779,0.6730436682701111,0.23002707958221436,-0.037217386066913605,0.6895250082015991,0.23325404524803162,-0.03551654517650604,0.6040956377983093,0.2590467035770416,-0.041434235870838165,0.6404004096984863,0.2591005861759186,-0.04659581929445267,0.6593530178070068,0.25997692346572876,-0.04453074187040329,0.673345685005188,0.25853782892227173,-0.04298379272222519,17.557587900000044
0.55611252784729,0.2885347902774811,0.0,0.5680370926856995,0.23937782645225525,0.006472649518400431,0.5911566019058228,0.20652277767658234,0.0030519200954586267,0.6152694821357727,0.19582338631153107,-0.0014680486638098955,0.6340082883834839,0.19847945868968964,-0.005733407102525234,0.597038209438324,0.18172457814216614,-0.018984688445925713,0.6396738290786743,0.1724226176738739,-0.028259821236133575,0.6632604598999023,0.18102672696113586,-0.029924733564257622,0.6797094941139221,0.19040505588054657,-0.03017325885593891,0.5970293879508972,0.2036799043416977,-0.028179438784718513,0.6462787985801697,0.20361937582492828,-0.037881940603256226,0.6727741956710815,0.21388302743434906,-0.03652329742908478,0.6903247833251953,0.22334621846675873,-0.0357847735285759,0.5980937480926514,0.2341366410255432,-0.03559479862451553,0.6440512537956238,0.2359137237071991,-0.043399628251791,0.669078528881073,0.24486063420772552,-0.04039362072944641,0.6860135793685913,0.25022414326667786,-0.03879329934716225,0.59967440366745,0.26793450117111206,-0.04226195812225342,0.6353796124458313,0.2708534598350525,-0.04803849756717682,0.6541514992713928,0.27371883392333984,-0.04613060504198074,0.6679768562316895,0.27463072538375854,-0.04476365074515343,17.590514900000016
0.5512470006942749,0.3015801012516022,0.0,0.5680134892463684,0.2560681402683258,0.0069589330814778805,0.5931552052497864,0.22464922070503235,0.0033735628239810467,0.6170178651809692,0.2141222357749939,-0.0021611812990158796,0.6345847845077515,0.2173233926296234,-0.007438871078193188,0.5972900986671448,0.20044676959514618,-0.018175683915615082,0.6402380466461182,0.19152474403381348,-0.029091499745845795,0.6625069379806519,0.20151662826538086,-0.031127700582146645,0.6775115728378296,0.21172308921813965,-0.03143560513854027,0.5951263308525085,0.22099322080612183,-0.028963377699255943,0.6427690982818604,0.21713614463806152,-0.04129565879702568,0.6669976115226746,0.2294057011604309,-0.040052417665719986,0.6834656596183777,0.24029457569122314,-0.03865226358175278,0.5933931469917297,0.25110793113708496,-0.03829076141119003,0.6370008587837219,0.25054261088371277,-0.04972533509135246,0.6612043976783752,0.2609144449234009,-0.046609312295913696,0.6778684258460999,0.2687985599040985,-0.0436834841966629,0.5921578407287598,0.28527718782424927,-0.046887654811143875,0.6245912909507751,0.2896045744419098,-0.055503591895103455,0.6425185799598694,0.2942660450935364,-0.05387161672115326,0.656234622001648,0.2978004217147827,-0.051752720028162,17.629811700000005
0.5481379628181458,0.3179200291633606,0.0,0.5687375068664551,0.27292901277542114,0.00544311199337244,0.5965278744697571,0.24381378293037415,2.931055314547848e-05,0.6221553683280945,0.23651792109012604,-0.007635836955159903,0.6404175758361816,0.2382209599018097,-0.014979763887822628,0.5965189337730408,0.21662801504135132,-0.020014086738228798,0.6370213627815247,0.2098926603794098,-0.03352322056889534,0.6571390628814697,0.22346416115760803,-0.0380411297082901,0.6708120107650757,0.2367931753396988,-0.040061257779598236,0.590962290763855,0.23704248666763306,-0.031230779364705086,0.6331588625907898,0.23741115629673004,-0.04701519384980202,0.656475841999054,0.25181493163108826,-0.04825172200798988,0.6722489595413208,0.26387545466423035,-0.048243097960948944,0.5856178998947144,0.2663812041282654,-0.04119313135743141,0.6240949034690857,0.2700119614601135,-0.05526027828454971,0.6477257013320923,0.28059208393096924,-0.0530184805393219,0.6645280122756958,0.286721795797348,-0.05047527328133583,0.5810176730155945,0.2991222143173218,-0.05058235302567482,0.6090026497840881,0.3054400384426117,-0.06061466410756111,0.626306414604187,0.3088546395301819,-0.05922258645296097,0.6401015520095825,0.30942171812057495,-0.05727627873420715,17.663709100000005
0.5426082015037537,0.3271980285644531,0.0,0.5748540163040161,0.30075812339782715,0.005787769332528114,0.608226478099823,0.2756253480911255,-0.00046073150588199496,0.6368724703788757,0.26780903339385986,-0.009709326550364494,0.6578080058097839,0.2590407431125641,-0.019396042451262474,0.5925672650337219,0.24517957866191864,-0.02077876217663288,0.6298602223396301,0.23504602909088135,-0.03668816387653351,0.6479218006134033,0.24906377494335175,-0.043730560690164566,0.6597385406494141,0.26209795475006104,-0.04799719527363777,0.5840203762054443,0.26279550790786743,-0.0339939221739769,0.6202149987220764,0.25738227367401123,-0.05231565609574318,0.6423203349113464,0.2718273401260376,-0.05743302404880524,0.6583876609802246,0.2843499481678009,-0.060683172196149826,0.5746580362319946,0.2871595621109009,-0.04600928723812103,0.6071826219558716,0.28576916456222534,-0.06323432177305222,0.6291480660438538,0.2976939380168915,-0.06562764942646027,0.6460142731666565,0.3074628710746765,-0.06669215112924576,0.5667600631713867,0.31842756271362305,-0.057248275727033615,0.5864633321762085,0.32399630546569824,-0.07106214016675949,0.6005671620368958,0.32741349935531616,-0.07341376692056656,0.6127312779426575,0.32860657572746277,-0.07444149255752563,17.702345700000023
0.3537622094154358,0.6414737105369568,0.0,0.3723110556602478,0.6693480610847473,-0.04175940528512001,0.3767615556716919,0.7011874914169312,-0.07202520966529846,0.37142807245254517,0.7256559133529663,-0.09243033826351166,0.36895880103111267,0.7429701089859009,-0.11367566138505936,0.3536681830883026,0.6910900473594666,-0.09852169454097748,0.32892823219299316,0.7188178300857544,-0.12921564280986786,0.3064119219779968,0.7395979166030884,-0.14671209454536438,0.2846226990222931,0.7543190121650696,-0.15834318101406097,0.3294893801212311,0.6744168400764465,-0.08530827611684799,0.2958202362060547,0.70500648021698,-0.11764655262231827,0.266475647687912,0.7288492918014526,-0.1358051598072052,0.24213683605194092,0.7446847558021545,-0.14996114373207092,0.3124091327190399,0.668677568435669,-0.06997540593147278,0.28168120980262756,0.6967570781707764,-0.09716999530792236,0.25862541794776917,0.7206063866615295,-0.11532728374004364,0.2401953637599945,0.7374521493911743,-0.12801268696784973,0.29995396733283997,0.6693898439407349,-0.05549563094973564,0.27834221720695496,0.6955621838569641,-0.07584455609321594,0.2624349594116211,0.713465690612793,-0.0905543863773346,0.24921581149101257,0.7282922267913818,-0.10229082405567169,18.07745090000003
0.3535795509815216,0.6439581513404846,0.0,0.37539035081863403,0.6678344011306763,-0.046663686633110046,0.3830271363258362,0.6980199217796326,-0.0785696804523468,0.3863808214664459,0.7202808260917664,-0.09968318790197372,0.3932754695415497,0.737419843673706,-0.12177445739507675,0.35090407729148865,0.7011356353759766,-0.10011900961399078,0.32720324397087097,0.7312449812889099,-0.13170631229877472,0.308348685503006,0.7511107921600342,-0.15233051776885986,0.2904356122016907,0.7677707672119141,-0.16590428352355957,0.3296910226345062,0.690792977809906,-0.08257970958948135,0.2988549768924713,0.7172693014144897,-0.11434479057788849,0.2748226225376129,0.7398685216903687,-0.1334231197834015,0.25446808338165283,0.7586473822593689,-0.1480390429496765,0.314857542514801,0.6831420660018921,-0.06329303234815598,0.28644150495529175,0.7074792385101318,-0.08794476091861725,0.26703938841819763,0.7285844087600708,-0.10396135598421097,0.25161731243133545,0.7439199090003967,-0.11551830917596817,0.3050813674926758,0.6787647008895874,-0.04563485458493233,0.28618472814559937,0.6971956491470337,-0.06315136700868607,0.27216583490371704,0.7129971981048584,-0.07501288503408432,0.26173484325408936,0.7274235486984253,-0.08466190844774246,18.11971129999995
0.35079818964004517,0.630577564239502,0.0,0.37262579798698425,0.6643046140670776,-0.03986631706357002,0.38150662183761597,0.7003602385520935,-0.06894201040267944,0.3914183974266052,0.728826642036438,-0.08779553323984146,0.4039234519004822,0.7512314319610596,-0.10675305128097534,0.34997430443763733,0.6931414604187012,-0.09522533416748047,0.3229735195636749,0.7287432551383972,-0.12115705013275146,0.3037490248680115,0.751102089881897,-0.1349565088748932,0.28645649552345276,0.7701238393783569,-0.14376653730869293,0.3278781473636627,0.6817241907119751,-0.07948756217956543,0.29710471630096436,0.7146087884902954,-0.10869504511356354,0.27489614486694336,0.7432624101638794,-0.12199514359235764,0.2564001679420471,0.7677599191665649,-0.13148917257785797,0.3123508393764496,0.6741704940795898,-0.06085920333862305,0.2845587134361267,0.7089319229125977,-0.08301987498998642,0.2669111490249634,0.7355714440345764,-0.09418688714504242,0.2520477771759033,0.7554570436477661,-0.10160768777132034,0.30304092168807983,0.6736817955970764,-0.043201789259910583,0.2843470275402069,0.7002949714660645,-0.05773700401186943,0.27268314361572266,0.7211126685142517,-0.06620729714632034,0.26258283853530884,0.7370794415473938,-0.07294317334890366,18.156877399999985
0.3476085066795349,0.6286073327064514,0.0,0.3686475157737732,0.6683217287063599,-0.030889661982655525,0.37896987795829773,0.7145211696624756,-0.056543175131082535,0.3927939832210541,0.7499761581420898,-0.07478813081979752,0.4070934057235718,0.773220956325531,-0.0929618626832962,0.34745174646377563,0.7012940049171448,-0.07987406104803085,0.31786686182022095,0.7429988384246826,-0.10295310616493225,0.29685020446777344,0.7676125764846802,-0.11498934775590897,0.27840203046798706,0.7872174382209778,-0.12262682616710663,0.3247930705547333,0.6854802370071411,-0.06980374455451965,0.29122984409332275,0.7258606553077698,-0.09631643444299698,0.2669059932231903,0.7589136362075806,-0.10896357893943787,0.24669679999351501,0.7864088416099548,-0.11818310618400574,0.30930042266845703,0.6769651174545288,-0.056918345391750336,0.2793886959552765,0.7201540470123291,-0.07721111178398132,0.2600516080856323,0.7521125674247742,-0.08797856420278549,0.24435728788375854,0.7772966623306274,-0.09530138969421387,0.3005180358886719,0.6765051484107971,-0.0445852056145668,0.2815168499946594,0.7138105630874634,-0.056936636567115784,0.26885953545570374,0.7389483451843262,-0.06426790356636047,0.2579633295536041,0.7570890188217163,-0.0705348551273346,18.20305110000004
0.3464592397212982,0.638547956943512,0.0,0.36960598826408386,0.6808218955993652,-0.03802551329135895,0.3824201226234436,0.7262059450149536,-0.07034663110971451,0.3993796706199646,0.7593882083892822,-0.09323441237211227,0.4174380898475647,0.7765462398529053,-0.11604717373847961,0.3500201106071472,0.7038407325744629,-0.1035873144865036,0.31961488723754883,0.7431207299232483,-0.13595037162303925,0.2960037291049957,0.7675768136978149,-0.15408146381378174,0.27272269129753113,0.7858816385269165,-0.16590920090675354,0.3243118226528168,0.6921425461769104,-0.09143530577421188,0.28602588176727295,0.7303512096405029,-0.1301727294921875,0.2585344612598419,0.7658149003982544,-0.14865760505199432,0.23378275334835052,0.7958505153656006,-0.16180254518985748,0.30678364634513855,0.6860185265541077,-0.07522130012512207,0.2735614776611328,0.7274290323257446,-0.10402163863182068,0.25151947140693665,0.7610470056533813,-0.11669294536113739,0.2307496964931488,0.7873864769935608,-0.12485118210315704,0.29728052020072937,0.686830997467041,-0.05961517244577408,0.27594202756881714,0.721656858921051,-0.07736748456954956,0.2601362466812134,0.7481075525283813,-0.08605439960956573,0.24452625215053558,0.7668997049331665,-0.09311405569314957,18.236402699999985
0.34294670820236206,0.6248035430908203,0.0,0.3696051239967346,0.6626896858215332,-0.03557399660348892,0.3853316307067871,0.7126403450965881,-0.06630869954824448,0.4028627872467041,0.7471710443496704,-0.0892634391784668,0.4241305887699127,0.7650636434555054,-0.11228512972593307,0.3480820953845978,0.6956894993782043,-0.092302605509758,0.3195239305496216,0.7348788976669312,-0.12175151705741882,0.29954975843429565,0.760623037815094,-0.1375339776277542,0.2803715765476227,0.784304141998291,-0.14785049855709076,0.3210669159889221,0.6868389844894409,-0.08232609927654266,0.2826322317123413,0.73422771692276,-0.1168236956000328,0.2559686005115509,0.7678347229957581,-0.13294388353824615,0.23246611654758453,0.7971909046173096,-0.14462880790233612,0.3028927147388458,0.6833817958831787,-0.06906348466873169,0.2683556079864502,0.7356099486351013,-0.094652459025383,0.244328111410141,0.7680256366729736,-0.10599210113286972,0.22346585988998413,0.7953386306762695,-0.11359498649835587,0.292384535074234,0.6862659454345703,-0.05667651444673538,0.26970693469047546,0.7307172417640686,-0.07216776907444,0.2514197826385498,0.7601479887962341,-0.07993989437818527,0.23498249053955078,0.7828079462051392,-0.08648915588855743,18.27349060000006
0.34993240237236023,0.6213299632072449,0.0,0.37804335355758667,0.6530534625053406,-0.03444424644112587,0.39377644658088684,0.7020769715309143,-0.06359837204217911,0.40935608744621277,0.7358630299568176,-0.08581304550170898,0.43234580755233765,0.7497471570968628,-0.10795959830284119,0.356972336769104,0.6870326995849609,-0.08852973580360413,0.3269089162349701,0.722150444984436,-0.11697501689195633,0.30671170353889465,0.7459067106246948,-0.13065849244594574,0.2871128022670746,0.7671672105789185,-0.13939818739891052,0.328640341758728,0.6806908249855042,-0.08047942817211151,0.2900296449661255,0.7269834280014038,-0.11329478770494461,0.26621225476264954,0.7624546885490417,-0.1267804503440857,0.24461257457733154,0.7929754853248596,-0.13667179644107819,0.30923527479171753,0.6795613169670105,-0.06963030248880386,0.27502208948135376,0.729895830154419,-0.09526633471250534,0.25221025943756104,0.763981819152832,-0.1049506813287735,0.23133665323257446,0.793820858001709,-0.11130017787218094,0.2981273829936981,0.6858850121498108,-0.059809472411870956,0.2736521065235138,0.7314086556434631,-0.07626998424530029,0.25547271966934204,0.7605878710746765,-0.0837065577507019,0.23727887868881226,0.7852656841278076,-0.08976249396800995,18.30733699999996
0.3566950261592865,0.6093228459358215,0.0,0.3838614225387573,0.6407124996185303,-0.03588803485035896,0.39990609884262085,0.6910225749015808,-0.06696808338165283,0.4172549545764923,0.7264601588249207,-0.09021013230085373,0.44206249713897705,0.741744339466095,-0.11337897181510925,0.3696424961090088,0.6735570430755615,-0.09757522493600845,0.3395853340625763,0.7104236483573914,-0.12923641502857208,0.31856146454811096,0.7370259761810303,-0.14477404952049255,0.29816585779190063,0.7595115303993225,-0.15471266210079193,0.34119629859924316,0.6680032014846802,-0.08888879418373108,0.3017853796482086,0.7160664200782776,-0.12520229816436768,0.27681058645248413,0.7523289918899536,-0.1399667114019394,0.2537707984447479,0.7828913331031799,-0.15077947080135345,0.32108333706855774,0.6676387190818787,-0.07694344222545624,0.2861559987068176,0.7204179763793945,-0.10481329262256622,0.2630431652069092,0.7564309239387512,-0.11477265506982803,0.24139432609081268,0.7861644625663757,-0.12139789015054703,0.3080480098724365,0.6747881174087524,-0.0658358633518219,0.28388354182243347,0.7234498262405396,-0.08324532210826874,0.26649823784828186,0.7549012303352356,-0.09100951999425888,0.24837914109230042,0.7798556089401245,-0.09759616106748581,18.34694049999996
0.3664090931415558,0.5850765705108643,0.0,0.39563897252082825,0.6114429235458374,-0.02801855467259884,0.4182497262954712,0.6569364070892334,-0.055211957544088364,0.4379878342151642,0.6895107626914978,-0.07658196240663528,0.46430158615112305,0.7009937167167664,-0.0980566069483757,0.3914518654346466,0.631003737449646,-0.0866948589682579,0.36872366070747375,0.6694596409797668,-0.1138119101524353,0.3525249660015106,0.6920667886734009,-0.12380948662757874,0.33903640508651733,0.7151686549186707,-0.12961909174919128,0.3636428713798523,0.6309065222740173,-0.08186120539903641,0.33011558651924133,0.688926100730896,-0.11100507527589798,0.3131500482559204,0.7234185934066772,-0.11841480433940887,0.30090412497520447,0.7548590898513794,-0.12426523864269257,0.34292420744895935,0.6362504959106445,-0.07365739345550537,0.3146807849407196,0.7012854814529419,-0.09610157459974289,0.2992715835571289,0.7383328676223755,-0.09930530190467834,0.2870231866836548,0.7692388892173767,-0.10190990567207336,0.3281400203704834,0.6504737138748169,-0.0659579411149025,0.3073347210884094,0.7082307934761047,-0.0789007842540741,0.2978195250034332,0.736294686794281,-0.08126071095466614,0.2893730401992798,0.7577857375144958,-0.08409318327903748,18.380940099999975
0.3752920627593994,0.5814885497093201,0.0,0.4040922224521637,0.5944989323616028,-0.018711868673563004,0.43097880482673645,0.6268537640571594,-0.04041777923703194,0.45430222153663635,0.6485171318054199,-0.05956259369850159,0.48065292835235596,0.6551709175109863,-0.07893159240484238,0.4046245217323303,0.599317193031311,-0.06563179194927216,0.3890331983566284,0.6362786889076233,-0.09092425554990768,0.3756280541419983,0.664949893951416,-0.10192020237445831,0.3655559718608856,0.6919987797737122,-0.10739597678184509,0.3766993284225464,0.6013835668563843,-0.06520909816026688,0.35333967208862305,0.663084089756012,-0.08899258077144623,0.3418760597705841,0.7014163136482239,-0.09469590336084366,0.33535102009773254,0.7374581694602966,-0.09925884753465652,0.35606691241264343,0.6131910085678101,-0.06219867616891861,0.335836797952652,0.6798067688941956,-0.0812080129981041,0.32562366127967834,0.7204129695892334,-0.08147968351840973,0.31843090057373047,0.7516001462936401,-0.0816035196185112,0.34206053614616394,0.6322327256202698,-0.05964173749089241,0.3292238712310791,0.6914950013160706,-0.07000889629125595,0.3219677209854126,0.7223402857780457,-0.06984615325927734,0.31490379571914673,0.7452725768089294,-0.07037075608968735,18.421166800000037
0.39338329434394836,0.5512295961380005,0.0,0.40372633934020996,0.5686375498771667,-0.027222489938139915,0.42203858494758606,0.5994996428489685,-0.049291905015707016,0.44771599769592285,0.6233201622962952,-0.06460288912057877,0.47850820422172546,0.6225823760032654,-0.07961617410182953,0.4041118323802948,0.5679563283920288,-0.08132687956094742,0.38985979557037354,0.6380319595336914,-0.10158880800008774,0.38048118352890015,0.6831038594245911,-0.10596621036529541,0.3752470016479492,0.7158719301223755,-0.10744203627109528,0.3957515358924866,0.5688900947570801,-0.07348287105560303,0.3817150890827179,0.6531194448471069,-0.09331989288330078,0.3723597526550293,0.6956983208656311,-0.09266918152570724,0.36655014753341675,0.7237765789031982,-0.09290170669555664,0.38848742842674255,0.5780341625213623,-0.06249246373772621,0.3770914077758789,0.656760036945343,-0.08109127730131149,0.36753731966018677,0.6990807056427002,-0.08123740553855896,0.36104142665863037,0.727286159992218,-0.0808081105351448,0.38497287034988403,0.5942654013633728,-0.051592741161584854,0.37676170468330383,0.6546460390090942,-0.06475980579853058,0.37042105197906494,0.6820595264434814,-0.06673252582550049,0.365848183631897,0.7015664577484131,-0.06795530021190643,18.454209800000058
0.5036507844924927,0.3863668441772461,0.0,0.5295650362968445,0.34913119673728943,-0.001543093821965158,0.5629017949104309,0.3435415029525757,-0.011967230588197708,0.5905094146728516,0.36629220843315125,-0.021633565425872803,0.60441654920578,0.3877280354499817,-0.031233416870236397,0.5494353175163269,0.32264024019241333,-0.0404738187789917,0.5867289304733276,0.35634928941726685,-0.055721864104270935,0.6035241484642029,0.38421493768692017,-0.059577785432338715,0.613184928894043,0.40457987785339355,-0.061035070568323135,0.5369653105735779,0.3573145270347595,-0.04782307893037796,0.5751964449882507,0.397651731967926,-0.06479015946388245,0.5977531671524048,0.42334574460983276,-0.06468364596366882,0.6122944355010986,0.44055065512657166,-0.06446310132741928,0.5261627435684204,0.3944922387599945,-0.052825260907411575,0.5609931945800781,0.43093016743659973,-0.06661225855350494,0.5841243863105774,0.4550946354866028,-0.06292352080345154,0.5997433662414551,0.4690409302711487,-0.060445867478847504,0.517945408821106,0.4280349016189575,-0.05717678368091583,0.5443983674049377,0.45946618914604187,-0.06736742705106735,0.5613499283790588,0.4771610498428345,-0.06527728587388992,0.5735246539115906,0.48878687620162964,-0.06338325887918472,18.701228900000046
0.5124415159225464,0.3721398413181305,0.0,0.5330609083175659,0.3338404893875122,0.006649440620094538,0.5570896863937378,0.31978192925453186,0.004222583491355181,0.5769214034080505,0.31674665212631226,0.00014678579464089125,0.5920884013175964,0.3175331652164459,-0.004111083224415779,0.5618352890014648,0.3020310699939728,-0.007656992878764868,0.5883259177207947,0.3109748959541321,-0.013864048756659031,0.6063807606697083,0.31488990783691406,-0.0171037744730711,0.6211065649986267,0.31671473383903503,-0.019038798287510872,0.562053382396698,0.32031455636024475,-0.015914132818579674,0.5953410863876343,0.34145450592041016,-0.021940801292657852,0.619720458984375,0.3537726104259491,-0.02437492460012436,0.6397829651832581,0.36162540316581726,-0.02696085534989834,0.5614458322525024,0.3465619385242462,-0.023077748715877533,0.5970941781997681,0.36782413721084595,-0.027305306866765022,0.618667483329773,0.38034120202064514,-0.02815133146941662,0.6358497738838196,0.38618162274360657,-0.030113305896520615,0.5597716569900513,0.3739089369773865,-0.0296230036765337,0.5878353118896484,0.39194557070732117,-0.03282318636775017,0.6049169301986694,0.40201959013938904,-0.03257293626666069,0.6198215484619141,0.4072495996952057,-0.03323724865913391,18.744602800000052
0.5189772248268127,0.35277247428894043,0.0,0.5392593145370483,0.31521886587142944,0.009521822445094585,0.5625925064086914,0.2994961142539978,0.009672802872955799,0.580895721912384,0.29144084453582764,0.00711381621658802,0.595300555229187,0.28481900691986084,0.004358182195574045,0.5701540112495422,0.27968278527259827,0.00262454547919333,0.5952495336532593,0.2887462377548218,-0.0014793555019423366,0.6136634349822998,0.2902439832687378,-0.004555132240056992,0.6289041042327881,0.2896791100502014,-0.006466208025813103,0.5723438858985901,0.2963791489601135,-0.006485240068286657,0.6022081971168518,0.31489598751068115,-0.010240539908409119,0.6239802241325378,0.3223015367984772,-0.01265964936465025,0.6421118378639221,0.32541489601135254,-0.015162070281803608,0.5742076635360718,0.3207901120185852,-0.014894594438374043,0.6067166924476624,0.33934029936790466,-0.017349030822515488,0.626541256904602,0.34901973605155945,-0.018017394468188286,0.6420376300811768,0.3534296154975891,-0.019803088158369064,0.5743637084960938,0.3470276892185211,-0.022806864231824875,0.6023910641670227,0.3637281060218811,-0.02487860433757305,0.6196746826171875,0.3725373446941376,-0.0245534535497427,0.6343824863433838,0.37737131118774414,-0.025028949603438377,18.783010200000035
0.5712472200393677,0.25341182947158813,0.0,0.5764161348342896,0.21214130520820618,0.005416723899543285,0.5908263921737671,0.17558899521827698,0.002262324560433626,0.598862886428833,0.14566081762313843,-0.002181085990741849,0.5974932909011841,0.12335936725139618,-0.007104851305484772,0.6030904650688171,0.1660008728504181,-0.01252670492976904,0.6367904543876648,0.1639651507139206,-0.019084664061665535,0.6570415496826172,0.16376829147338867,-0.02163979411125183,0.6711555123329163,0.1637313812971115,-0.02319340966641903,0.6078618168830872,0.185448557138443,-0.0203245896846056,0.6463590860366821,0.18208186328411102,-0.026902860030531883,0.670680046081543,0.18222717940807343,-0.028525253757834435,0.6887935996055603,0.1839241236448288,-0.030381010845303535,0.6126810908317566,0.21345481276512146,-0.026658181101083755,0.6508080959320068,0.20765095949172974,-0.03228118270635605,0.6738466024398804,0.2073592245578766,-0.03305057808756828,0.6908203959465027,0.20564047992229462,-0.034480273723602295,0.6166818141937256,0.245154470205307,-0.03221065178513527,0.6474467515945435,0.2441502809524536,-0.036827925592660904,0.6653851866722107,0.24515384435653687,-0.03673936054110527,0.6799529194831848,0.2442905604839325,-0.03714240714907646,19.244185600000037
0.5724561214447021,0.2511174976825714,0.0,0.5786014795303345,0.21228909492492676,0.004410639870911837,0.5995916724205017,0.1838560402393341,0.0007933672750368714,0.6215875744819641,0.17236091196537018,-0.0033318456262350082,0.6379972100257874,0.17275011539459229,-0.007730467244982719,0.6029900312423706,0.16541463136672974,-0.020112471655011177,0.6412044763565063,0.15815536677837372,-0.028235696256160736,0.6631757020950317,0.16312329471111298,-0.029225638136267662,0.6770678758621216,0.17118507623672485,-0.02906729467213154,0.6061955094337463,0.18643814325332642,-0.02737843059003353,0.6505864858627319,0.18075601756572723,-0.035710886120796204,0.6752714514732361,0.18724195659160614,-0.034552451223134995,0.691471517086029,0.19417673349380493,-0.03369267284870148,0.6099296808242798,0.21636280417442322,-0.032967839390039444,0.6535407304763794,0.2119821459054947,-0.040080804377794266,0.6770166158676147,0.21868251264095306,-0.038105279207229614,0.6922757029533386,0.22352097928524017,-0.036931756883859634,0.6130752563476562,0.24949593842029572,-0.0377151221036911,0.6468680500984192,0.2490362823009491,-0.043755754828453064,0.6654180884361267,0.2510018050670624,-0.04271559789776802,0.6790220737457275,0.2508310079574585,-0.04164155200123787,19.285693700000024
0.5698497891426086,0.2606780529022217,0.0,0.5783014297485352,0.22064223885536194,0.004370653070509434,0.6004988551139832,0.18946734070777893,0.00039944276795722544,0.6225227117538452,0.17473044991493225,-0.004035123623907566,0.6378634572029114,0.16842159628868103,-0.008313401602208614,0.6014298796653748,0.1697801649570465,-0.020802929997444153,0.6430904269218445,0.16587471961975098,-0.029733866453170776,0.6646108627319336,0.17410962283611298,-0.031005488708615303,0.6769523024559021,0.1850653886795044,-0.031057950109243393,0.6030120849609375,0.19165927171707153,-0.028713759034872055,0.650838315486908,0.18999220430850983,-0.038431257009506226,0.6763742566108704,0.19668816030025482,-0.038000721484422684,0.6928637623786926,0.20426221191883087,-0.03775066137313843,0.6058549880981445,0.22235505282878876,-0.03487417846918106,0.6513098478317261,0.2206263542175293,-0.0427902415394783,0.6760363578796387,0.22652363777160645,-0.04101157933473587,0.6923397183418274,0.2304953634738922,-0.040111370384693146,0.6089648604393005,0.2554559111595154,-0.04023188725113869,0.6439337730407715,0.2567761540412903,-0.04661942645907402,0.6628491878509521,0.25875163078308105,-0.04563963785767555,0.6768112778663635,0.2591749429702759,-0.04479965567588806,19.318881600000054
0.5662292242050171,0.26819971203804016,0.0,0.577103853225708,0.22693152725696564,0.0035301828756928444,0.6010013222694397,0.1986132562160492,-0.0012205846142023802,0.624844491481781,0.19284845888614655,-0.0066428580321371555,0.6417223215103149,0.197586327791214,-0.011949141509830952,0.6031805872917175,0.17467954754829407,-0.021517619490623474,0.6443673372268677,0.1734877973794937,-0.031984783709049225,0.6669146418571472,0.18626923859119415,-0.03500768169760704,0.6814872622489929,0.19873899221420288,-0.03629332408308983,0.6024294495582581,0.19666185975074768,-0.029850343242287636,0.6496199369430542,0.19835224747657776,-0.041003454476594925,0.675678551197052,0.20903505384922028,-0.04162146523594856,0.6933875679969788,0.21815665066242218,-0.042196374386548996,0.603222668170929,0.22726261615753174,-0.036627039313316345,0.64882493019104,0.2293480783700943,-0.04547080025076866,0.6739867329597473,0.2376764565706253,-0.044089656323194504,0.6915907263755798,0.24211324751377106,-0.04359147697687149,0.6047806143760681,0.26199647784233093,-0.04279201850295067,0.6411048173904419,0.26608771085739136,-0.04973912611603737,0.661056399345398,0.269082248210907,-0.048820797353982925,0.676032543182373,0.2695772349834442,-0.048134032636880875,19.359904099999994
0.5642411708831787,0.2853385806083679,0.0,0.5820515155792236,0.2467319518327713,0.0024486572947353125,0.6076609492301941,0.22171129286289215,-0.004999935161322355,0.6309879422187805,0.21774311363697052,-0.013977556489408016,0.6476520895957947,0.22238954901695251,-0.02278962731361389,0.6044036149978638,0.1985693722963333,-0.027000075206160545,0.6456525325775146,0.20020799338817596,-0.04212481901049614,0.6664499640464783,0.21694019436836243,-0.047519851475954056,0.6803271174430847,0.23270109295845032,-0.05007358640432358,0.5980297923088074,0.22053079307079315,-0.037250395864248276,0.6416468620300293,0.2249578833580017,-0.0545194074511528,0.6649222373962402,0.23945482075214386,-0.05661183223128319,0.6810975074768066,0.25147610902786255,-0.05737494304776192,0.5928237438201904,0.2496669590473175,-0.04605218023061752,0.6329258680343628,0.25642919540405273,-0.061077751219272614,0.6566214561462402,0.2676071226596832,-0.059750720858573914,0.6739882826805115,0.27481070160865784,-0.058039579540491104,0.5895276665687561,0.281890332698822,-0.0543242022395134,0.6198623180389404,0.29361897706985474,-0.06515812128782272,0.6373292803764343,0.30025994777679443,-0.0642131045460701,0.65102618932724,0.30458563566207886,-0.06276174634695053,19.39500959999998
0.5607402920722961,0.29568442702293396,0.0,0.587205171585083,0.26562801003456116,0.003906911704689264,0.6175181865692139,0.2478955090045929,-0.004098878707736731,0.6432659029960632,0.2484670877456665,-0.014084847643971443,0.6612921953201294,0.2483479529619217,-0.024310637265443802,0.6005650758743286,0.21768052875995636,-0.029014403000473976,0.6385398507118225,0.2170107215642929,-0.04570614546537399,0.6562330722808838,0.23551423847675323,-0.051784079521894455,0.667657732963562,0.2518797218799591,-0.054855797439813614,0.5921001434326172,0.24026653170585632,-0.0412188284099102,0.630803108215332,0.2427862584590912,-0.06019866466522217,0.6530166864395142,0.25834178924560547,-0.0630582794547081,0.6686914563179016,0.27107295393943787,-0.06459983438253403,0.5839029550552368,0.26831191778182983,-0.05182398110628128,0.6186334490776062,0.2732749283313751,-0.06924163550138474,0.6421526670455933,0.2852668762207031,-0.06902070343494415,0.6597689390182495,0.2948404848575592,-0.06808982789516449,0.5776511430740356,0.299461305141449,-0.06160299852490425,0.6002819538116455,0.3098233938217163,-0.07491964846849442,0.6157286763191223,0.31347137689590454,-0.07522435486316681,0.6286525726318359,0.31587451696395874,-0.07470240443944931,19.435724400000026
0.5580751299858093,0.3093297481536865,0.0,0.5830397605895996,0.2875632345676422,0.0022827470675110817,0.6092362403869629,0.27157023549079895,-0.005623538512736559,0.6312780976295471,0.26996198296546936,-0.015800127759575844,0.6462006568908691,0.26827457547187805,-0.02642502449452877,0.5995418429374695,0.24312175810337067,-0.02650795876979828,0.631320059299469,0.24088697135448456,-0.04225354269146919,0.6455380916595459,0.2597016990184784,-0.048879437148571014,0.653034508228302,0.274992972612381,-0.05241883918642998,0.5898423790931702,0.25910863280296326,-0.0372009351849556,0.6205352544784546,0.26095765829086304,-0.054754238575696945,0.6387973427772522,0.27512139081954956,-0.05795228108763695,0.6497554183006287,0.2851407825946808,-0.059679463505744934,0.5794119238853455,0.28245967626571655,-0.04656519368290901,0.6069990396499634,0.2866954207420349,-0.06190742924809456,0.6264954805374146,0.2978000044822693,-0.060917049646377563,0.638312041759491,0.3061758875846863,-0.05979384481906891,0.5707330703735352,0.30961933732032776,-0.05554506182670593,0.5883020162582397,0.32047486305236816,-0.06693034619092941,0.6009200811386108,0.32428112626075745,-0.06629400700330734,0.6095241904258728,0.3264808654785156,-0.06524383276700974,19.470800000000054
0.35459738969802856,0.5958973169326782,0.0,0.3675300180912018,0.6361186504364014,-0.017251867800951004,0.37205615639686584,0.6841744184494019,-0.03479703888297081,0.37928155064582825,0.7177700400352478,-0.04791535437107086,0.39008432626724243,0.7419370412826538,-0.061175327748060226,0.3510679006576538,0.6735247373580933,-0.056107260286808014,0.3197058141231537,0.7085567116737366,-0.07255280017852783,0.29906606674194336,0.727571427822113,-0.07975003868341446,0.281767338514328,0.7428467273712158,-0.08381414413452148,0.33529409766197205,0.6466861367225647,-0.051897451281547546,0.30096739530563354,0.6799739599227905,-0.0685955137014389,0.2791192829608917,0.703212320804596,-0.07363956421613693,0.262264221906662,0.7239679098129272,-0.07749629765748978,0.3226076364517212,0.6280427575111389,-0.04547093063592911,0.29107359051704407,0.6656712293624878,-0.0586249902844429,0.271243691444397,0.6914447546005249,-0.06328606605529785,0.25617319345474243,0.7123904824256897,-0.0666583925485611,0.31257978081703186,0.6188518404960632,-0.03901541605591774,0.2908121347427368,0.6547113060951233,-0.04706844687461853,0.2769359350204468,0.676300048828125,-0.05076548084616661,0.2651858925819397,0.6918234825134277,-0.05425471439957619,19.898346700000047
0.35019347071647644,0.6068969964981079,0.0,0.36239051818847656,0.6459391117095947,-0.03680697828531265,0.37161606550216675,0.6914968490600586,-0.06623779237270355,0.38554847240448,0.7290657162666321,-0.08653569966554642,0.40033090114593506,0.7576550245285034,-0.10723306238651276,0.3484968841075897,0.6778530478477478,-0.0971577987074852,0.31814563274383545,0.7100486755371094,-0.12746553122997284,0.2951604127883911,0.7319238781929016,-0.1448427438735962,0.27429133653640747,0.746746301651001,-0.15594206750392914,0.3311394155025482,0.6583794355392456,-0.0857757031917572,0.29611310362815857,0.6847845315933228,-0.11929433792829514,0.2725868225097656,0.7118667364120483,-0.1345188319683075,0.2523237466812134,0.7337493300437927,-0.14566951990127563,0.3176571726799011,0.6440396308898926,-0.07161872833967209,0.2874533236026764,0.6728470921516418,-0.09850062429904938,0.2675539255142212,0.6993885636329651,-0.11080466210842133,0.2498941868543625,0.7185909152030945,-0.11880823969841003,0.3086358606815338,0.6377668380737305,-0.058000221848487854,0.28868919610977173,0.666868269443512,-0.07682042568922043,0.274421364068985,0.6862333416938782,-0.08684395253658295,0.2607164680957794,0.6979069709777832,-0.0947813168168068,19.938098500000024
0.34551820158958435,0.6111398935317993,0.0,0.3610120713710785,0.6564093828201294,-0.029545865952968597,0.3704772889614105,0.704913854598999,-0.0547696128487587,0.38831526041030884,0.7413681149482727,-0.07275830954313278,0.4097447395324707,0.7611038684844971,-0.09068596363067627,0.3469555377960205,0.6760685443878174,-0.08187250047922134,0.31549957394599915,0.706595242023468,-0.10653473436832428,0.29219645261764526,0.726128101348877,-0.11946763843297958,0.2698543667793274,0.7413561344146729,-0.12757614254951477,0.3263810873031616,0.6539695262908936,-0.07332691550254822,0.28574228286743164,0.6862725019454956,-0.10153079032897949,0.25980499386787415,0.7139062881469727,-0.11387883871793747,0.23610299825668335,0.7374980449676514,-0.12315184623003006,0.31164246797561646,0.6402449607849121,-0.06155906245112419,0.27728188037872314,0.6798675060272217,-0.08320354670286179,0.25589847564697266,0.7080177664756775,-0.09193415939807892,0.23600944876670837,0.7302778959274292,-0.09779877215623856,0.3035668134689331,0.6377087235450745,-0.050154317170381546,0.28374379873275757,0.6764684915542603,-0.06326338648796082,0.27013325691223145,0.70030277967453,-0.06887895613908768,0.25597700476646423,0.7149515748023987,-0.07384379208087921,19.983307200000013
0.34023621678352356,0.6070443391799927,0.0,0.3613072633743286,0.6524927616119385,-0.028064539656043053,0.37454524636268616,0.7020164132118225,-0.0552353635430336,0.3923649489879608,0.7358157634735107,-0.0758979395031929,0.4129294455051422,0.7538019418716431,-0.09666147083044052,0.34461820125579834,0.6727322936058044,-0.08475629985332489,0.3147072196006775,0.7054914236068726,-0.11204473674297333,0.29299628734588623,0.7274356484413147,-0.1267092227935791,0.2709382176399231,0.7484486699104309,-0.13628096878528595,0.3206377327442169,0.6547838449478149,-0.07789721339941025,0.27912041544914246,0.6929031610488892,-0.10962780565023422,0.2510591149330139,0.7253509163856506,-0.12389815598726273,0.22576329112052917,0.7540574073791504,-0.13462355732917786,0.3037945628166199,0.6446270942687988,-0.0671834796667099,0.26771122217178345,0.6907702684402466,-0.08986000716686249,0.24396219849586487,0.7229102849960327,-0.09836596250534058,0.22186341881752014,0.7491464018821716,-0.10447970777750015,0.2932826280593872,0.6435909867286682,-0.056834861636161804,0.27153730392456055,0.6857258081436157,-0.06990054994821548,0.2553427815437317,0.7143417000770569,-0.07521096616983414,0.23917728662490845,0.7346482872962952,-0.08023818582296371,20.017898599999967
0.34138429164886475,0.5929274559020996,0.0,0.36499467492103577,0.6335048675537109,-0.043048419058322906,0.37915366888046265,0.6861755847930908,-0.07723117619752884,0.3983360230922699,0.7202675342559814,-0.10099327564239502,0.4209561347961426,0.7356512546539307,-0.12450035661458969,0.3463003635406494,0.6638458967208862,-0.10927879810333252,0.31726014614105225,0.6963084936141968,-0.1441577970981598,0.29556477069854736,0.7165915966033936,-0.1631605625152588,0.2747074365615845,0.7338941097259521,-0.1749899685382843,0.31874504685401917,0.6552837491035461,-0.09448446333408356,0.2792789041996002,0.7009407877922058,-0.13348105549812317,0.25072339177131653,0.7319086790084839,-0.15130600333213806,0.22463983297348022,0.7578811049461365,-0.16429585218429565,0.2999379634857178,0.6527424454689026,-0.07607344537973404,0.2653941512107849,0.7041845321655273,-0.1037859320640564,0.24008789658546448,0.7345475554466248,-0.11500000208616257,0.21689553558826447,0.7588918209075928,-0.12259918451309204,0.2888563275337219,0.6572996377944946,-0.05880839750170708,0.26629531383514404,0.7014826536178589,-0.07540521770715714,0.24803152680397034,0.7294979095458984,-0.08326272666454315,0.2305315136909485,0.7505896091461182,-0.08988508582115173,20.05456049999998
0.3487279713153839,0.5832053422927856,0.0,0.373002827167511,0.6199291944503784,-0.0431567057967186,0.38537970185279846,0.6704866886138916,-0.07575621455907822,0.4046570658683777,0.7001497745513916,-0.09826260805130005,0.42959365248680115,0.7143462896347046,-0.12018885463476181,0.3501530885696411,0.6547462940216064,-0.10263260453939438,0.3193854093551636,0.6888083219528198,-0.1337336301803589,0.29918915033340454,0.7092466950416565,-0.14894862473011017,0.28090691566467285,0.7265077829360962,-0.15809021890163422,0.3245700001716614,0.646009087562561,-0.08754460513591766,0.2844325602054596,0.6934207081794739,-0.12154914438724518,0.25789883732795715,0.724424421787262,-0.13531501591205597,0.23500409722328186,0.7510166764259338,-0.14527472853660583,0.30729472637176514,0.6440269351005554,-0.06958552449941635,0.27350562810897827,0.6951152682304382,-0.093617744743824,0.2493601143360138,0.7248140573501587,-0.10237150639295578,0.22859305143356323,0.7509890198707581,-0.10838884115219116,0.2974342405796051,0.6486035585403442,-0.05318233743309975,0.2727632522583008,0.6907592415809631,-0.06758017092943192,0.2537480294704437,0.7177062034606934,-0.07450298219919205,0.23686447739601135,0.7405868172645569,-0.08037097007036209,20.08825330000002
0.35505908727645874,0.5749589204788208,0.0,0.38084718585014343,0.6078351140022278,-0.030386334285140038,0.3984142541885376,0.6544445157051086,-0.05819825083017349,0.4172132611274719,0.6792229413986206,-0.07948745787143707,0.4407031834125519,0.6874265074729919,-0.10106422752141953,0.37220174074172974,0.6276460886001587,-0.08841964602470398,0.3438093960285187,0.659383237361908,-0.11537642776966095,0.32601916790008545,0.6763899922370911,-0.12574537098407745,0.31074270606040955,0.6937577724456787,-0.1316337138414383,0.34690356254577637,0.6178812980651855,-0.08194746822118759,0.3062934875488281,0.6698052883148193,-0.1111166849732399,0.28238585591316223,0.7009679079055786,-0.12007971853017807,0.26334553956985474,0.7289711833000183,-0.12702897191047668,0.32762277126312256,0.6174570322036743,-0.07232112437486649,0.291677325963974,0.6794471144676208,-0.0949329063296318,0.26959556341171265,0.7128983736038208,-0.10069920867681503,0.2518269717693329,0.7405590415000916,-0.10501628369092941,0.31399300694465637,0.6277820467948914,-0.06323415786027908,0.2875675857067108,0.6823974251747131,-0.07630546391010284,0.2724764943122864,0.7108592987060547,-0.08051413297653198,0.25956717133522034,0.7321428060531616,-0.08497383445501328,20.130151400000045
0.3633890151977539,0.562049925327301,0.0,0.39008232951164246,0.5874000787734985,-0.023753847926855087,0.4108826220035553,0.6251124143600464,-0.046526096761226654,0.43049317598342896,0.6427698731422424,-0.06481058895587921,0.4581795334815979,0.6434223651885986,-0.08290763199329376,0.3822372555732727,0.5982078313827515,-0.07090510427951813,0.36219915747642517,0.6308708190917969,-0.09604987502098083,0.3476315140724182,0.6485081315040588,-0.10648903250694275,0.3364346921443939,0.6679626107215881,-0.11169738322496414,0.3556087911128998,0.5956211686134338,-0.06673738360404968,0.32352688908576965,0.6518204808235168,-0.09079353511333466,0.3079860508441925,0.6828456521034241,-0.0970471128821373,0.29748404026031494,0.7142062783241272,-0.1022123321890831,0.3363371193408966,0.6033652424812317,-0.06019016355276108,0.31015777587890625,0.66684490442276,-0.07931088656187057,0.2971518635749817,0.7031214833259583,-0.08165448904037476,0.2871897220611572,0.7337828874588013,-0.08334753662347794,0.323831170797348,0.6209997534751892,-0.05424350127577782,0.30639752745628357,0.6754834651947021,-0.06441440433263779,0.2980753183364868,0.7040646076202393,-0.06568494439125061,0.2903819680213928,0.7269988059997559,-0.0675482377409935,20.16471100000001
0.3733065128326416,0.5564006567001343,0.0,0.39990296959877014,0.5613957643508911,-0.025132182985544205,0.4226321578025818,0.5812639594078064,-0.049762919545173645,0.4457727074623108,0.5899964570999146,-0.06931506842374802,0.47211962938308716,0.5843490362167358,-0.08936154842376709,0.39070674777030945,0.5679177045822144,-0.07762967050075531,0.3758564293384552,0.6052799224853516,-0.1004769578576088,0.36733144521713257,0.627284049987793,-0.10784511268138885,0.36261463165283203,0.6469709277153015,-0.11129099875688553,0.3663392663002014,0.5767481327056885,-0.07271059602499008,0.34758126735687256,0.6368209719657898,-0.09520290791988373,0.3413664698600769,0.6708661317825317,-0.09873052686452866,0.3402988314628601,0.6977795958518982,-0.10206329077482224,0.3493209183216095,0.593559205532074,-0.0651412308216095,0.33158400654792786,0.6639001369476318,-0.08432577550411224,0.32645708322525024,0.7067739367485046,-0.0877285897731781,0.32560858130455017,0.7370560169219971,-0.09024006128311157,0.339002400636673,0.6216908693313599,-0.05778997391462326,0.32549306750297546,0.6805139780044556,-0.06902392208576202,0.3226759433746338,0.7174655795097351,-0.07238614559173584,0.32199835777282715,0.7439048886299133,-0.07604963332414627,20.210920399999964
0.4926879107952118,0.3751557171344757,0.0,0.5162846446037292,0.3345184028148651,-0.0005340513307601213,0.5494270324707031,0.3179904818534851,-0.009069615043699741,0.5783503651618958,0.32806816697120667,-0.017319455742836,0.5961224436759949,0.3387649953365326,-0.02537628263235092,0.5363195538520813,0.2963000535964966,-0.032183803617954254,0.5743271112442017,0.3173712193965912,-0.044957973062992096,0.5916314125061035,0.3364272713661194,-0.04843119531869888,0.6023706197738647,0.34961605072021484,-0.050115253776311874,0.5269066691398621,0.32903197407722473,-0.039402611553668976,0.5665220022201538,0.3600923418998718,-0.05342157185077667,0.58875972032547,0.3792080581188202,-0.05367277190089226,0.6038073301315308,0.39106839895248413,-0.054188840091228485,0.5188310742378235,0.3658023178577423,-0.04469124227762222,0.5550167560577393,0.3954440951347351,-0.05654773488640785,0.5784807205200195,0.4146396517753601,-0.054156750440597534,0.5949339270591736,0.42432501912117004,-0.052881788462400436,0.5125710964202881,0.40108564496040344,-0.049421120434999466,0.5400320887565613,0.426382839679718,-0.05890757218003273,0.5578367114067078,0.4413805305957794,-0.05793474242091179,0.5710451602935791,0.45094066858291626,-0.056979019194841385,20.45351430000005
0.49693363904953003,0.36256518959999084,0.0,0.5164810419082642,0.32268208265304565,0.0015809076139703393,0.5429381728172302,0.30515629053115845,-0.005098441615700722,0.5663874745368958,0.3051947057247162,-0.012235228903591633,0.5840485692024231,0.31106892228126526,-0.019422896206378937,0.5440111756324768,0.2844434976577759,-0.022771570831537247,0.577788770198822,0.2963100075721741,-0.0338347852230072,0.599536120891571,0.306654691696167,-0.03901722654700279,0.6168085932731628,0.31495174765586853,-0.04205244779586792,0.5397379994392395,0.3084179162979126,-0.03008001483976841,0.5805366635322571,0.3294599950313568,-0.04117092490196228,0.6047552824020386,0.34290575981140137,-0.043553512543439865,0.6229684948921204,0.35099270939826965,-0.04579954594373703,0.536320149898529,0.34000638127326965,-0.035931382328271866,0.5748663544654846,0.3642045259475708,-0.044715765863657,0.5978415012359619,0.37839433550834656,-0.04476498067378998,0.6155346035957336,0.3852905035018921,-0.04543261602520943,0.5326167941093445,0.3725697994232178,-0.04129816219210625,0.5616859793663025,0.3954835534095764,-0.04782205447554588,0.5781930685043335,0.40719154477119446,-0.04729214310646057,0.5920828580856323,0.4133146107196808,-0.047185759991407394,20.491303099999982
0.5073119401931763,0.35106104612350464,0.0,0.5274695754051208,0.30927351117134094,0.012497762218117714,0.5508719086647034,0.28729283809661865,0.014257219620049,0.5691441297531128,0.2732675075531006,0.012817089445888996,0.5843329429626465,0.26234006881713867,0.011352699249982834,0.556110143661499,0.2675355076789856,0.007030874025076628,0.5809726119041443,0.2664005160331726,0.004381089471280575,0.5987857580184937,0.26283472776412964,0.0025077115278691053,0.6129659414291382,0.25747689604759216,0.0013766172342002392,0.5597271919250488,0.28363293409347534,-0.0030210635159164667,0.589706301689148,0.29048869013786316,-0.005357819143682718,0.6111660003662109,0.28886646032333374,-0.006677042227238417,0.6289899945259094,0.2836654782295227,-0.008428581990301609,0.563349723815918,0.3058907091617584,-0.012283544056117535,0.5964738130569458,0.3156355917453766,-0.013695086352527142,0.6165582537651062,0.3183513581752777,-0.01349774468690157,0.632133960723877,0.31745824217796326,-0.014660441316664219,0.565136730670929,0.3299292027950287,-0.020803261548280716,0.5934913158416748,0.3405293822288513,-0.022066285833716393,0.6120046377182007,0.3464837372303009,-0.021250102669000626,0.6279905438423157,0.34931400418281555,-0.021336354315280914,20.524735299999975
0.5164739489555359,0.33307090401649475,0.0,0.535724937915802,0.2907944917678833,0.011107471771538258,0.5593210458755493,0.26747801899909973,0.012559301219880581,0.5782153010368347,0.25384682416915894,0.011170546524226665,0.5930351614952087,0.24466097354888916,0.009814844466745853,0.5662417411804199,0.2459317296743393,0.005897877737879753,0.5922731757164001,0.2516385018825531,0.004033760633319616,0.6079976558685303,0.25407344102859497,0.003393491730093956,0.6196075677871704,0.25146982073783875,0.0030905245803296566,0.5708537697792053,0.261142373085022,-0.003190570278093219,0.6004687547683716,0.2727090120315552,-0.004630925599485636,0.6184405088424683,0.27241355180740356,-0.004548130091279745,0.6327751874923706,0.2654663324356079,-0.0053542680107057095,0.5746445059776306,0.2842625081539154,-0.011560045182704926,0.6078001856803894,0.294859915971756,-0.012674094177782536,0.6251813173294067,0.29800695180892944,-0.011410747654736042,0.6384525299072266,0.29468587040901184,-0.011739990673959255,0.5762089490890503,0.31031250953674316,-0.019317835569381714,0.6054062843322754,0.3208991587162018,-0.021236328408122063,0.6251391172409058,0.32619690895080566,-0.020376546308398247,0.6428337097167969,0.3263404071331024,-0.020070314407348633,20.56608749999998
0.5260187387466431,0.3148905634880066,0.0,0.543239414691925,0.2673169672489166,0.011659772135317326,0.5664067268371582,0.24272409081459045,0.013022943399846554,0.585509717464447,0.2293739914894104,0.011645939201116562,0.6009063720703125,0.2232755422592163,0.010391324758529663,0.5730927586555481,0.22235321998596191,0.003529883688315749,0.6008672118186951,0.22518634796142578,0.002110206289216876,0.61125648021698,0.2282683253288269,0.0030178185552358627,0.6162034869194031,0.22709745168685913,0.0039822934195399284,0.5785039067268372,0.23950010538101196,-0.005800232756882906,0.6095103621482849,0.2505071461200714,-0.0060553220100700855,0.6248754262924194,0.2513742446899414,-0.004093336407095194,0.6354787945747375,0.24546074867248535,-0.003764743683859706,0.5830882787704468,0.26475995779037476,-0.014171273447573185,0.617961585521698,0.27387529611587524,-0.013900886289775372,0.6349252462387085,0.2761511504650116,-0.011182080022990704,0.6464018225669861,0.27202025055885315,-0.010939362458884716,0.5853252410888672,0.2918168306350708,-0.021848320960998535,0.6169289350509644,0.30014896392822266,-0.02276722528040409,0.6360769867897034,0.30543357133865356,-0.02096722647547722,0.6519780158996582,0.30563414096832275,-0.020175013691186905,20.601234999999974
0.535345196723938,0.2953421473503113,0.0,0.5503893494606018,0.24559932947158813,0.009368764236569405,0.5739930272102356,0.22226965427398682,0.008998864330351353,0.5953361988067627,0.2137431502342224,0.006676297169178724,0.6122220158576965,0.2128736823797226,0.004216736648231745,0.5819668769836426,0.20127809047698975,-0.002644259948283434,0.6085191369056702,0.19937780499458313,-0.006472387351095676,0.6267315745353699,0.1967308521270752,-0.00792277418076992,0.6417547464370728,0.19371429085731506,-0.008522721007466316,0.5862842202186584,0.2204672396183014,-0.011307593435049057,0.6199250817298889,0.22457534074783325,-0.01518187765032053,0.6441270709037781,0.22462475299835205,-0.01597023382782936,0.6639953851699829,0.22426794469356537,-0.017134452238678932,0.5900664925575256,0.24833813309669495,-0.018765565007925034,0.6263161897659302,0.25227659940719604,-0.021533066406846046,0.6482967138290405,0.25396645069122314,-0.020861513912677765,0.6655670404434204,0.2525705099105835,-0.021406447514891624,0.5918217301368713,0.2782782018184662,-0.025426479056477547,0.6226674914360046,0.2828608751296997,-0.02716796100139618,0.6403754949569702,0.28582724928855896,-0.025669587776064873,0.6552887558937073,0.28641560673713684,-0.025098470970988274,20.638903400000004
0.5451667308807373,0.28251612186431885,0.0,0.5580496191978455,0.23177267611026764,0.005156152416020632,0.5814612507820129,0.20456382632255554,0.002100924029946327,0.6046457290649414,0.19535726308822632,-0.0016810749657452106,0.6219319105148315,0.19498533010482788,-0.005688145291060209,0.5887426137924194,0.1848575472831726,-0.013285511173307896,0.6213069558143616,0.18689335882663727,-0.019865816459059715,0.6429727077484131,0.1869666576385498,-0.022346025332808495,0.6599295735359192,0.18602728843688965,-0.02353178896009922,0.5930368900299072,0.20559141039848328,-0.020315689966082573,0.6313479542732239,0.20951971411705017,-0.027042880654335022,0.6576278209686279,0.2108370065689087,-0.02852454222738743,0.6781424283981323,0.21113823354244232,-0.030082223936915398,0.597029447555542,0.23537927865982056,-0.025861971080303192,0.6363745927810669,0.237716406583786,-0.030972007662057877,0.6594467759132385,0.24012333154678345,-0.031025540083646774,0.6768084168434143,0.23846104741096497,-0.03187287971377373,0.5995540618896484,0.2677808403968811,-0.030699504539370537,0.6322813630104065,0.2695121169090271,-0.034549254924058914,0.6508424282073975,0.27103182673454285,-0.03390656039118767,0.6662710905075073,0.26959657669067383,-0.03377428650856018,20.671871200000055
0.5528346300125122,0.27262556552886963,0.0,0.5645564198493958,0.22322626411914825,0.009093943051993847,0.5861504673957825,0.19324840605258942,0.008066573180258274,0.6069770455360413,0.17569521069526672,0.005813417490571737,0.6216341257095337,0.1667870581150055,0.0034023739863187075,0.5949080586433411,0.172888845205307,-0.010557756759226322,0.6310204863548279,0.17171594500541687,-0.014760283753275871,0.6531191468238831,0.17250357568264008,-0.015322135761380196,0.6691859364509583,0.17428478598594666,-0.015466542914509773,0.5979772806167603,0.1936412751674652,-0.018801644444465637,0.6395913362503052,0.19663667678833008,-0.022342652082443237,0.6659212708473206,0.19950516521930695,-0.02183840423822403,0.6845114231109619,0.20271137356758118,-0.022602370008826256,0.6015332341194153,0.22449828684329987,-0.025042373687028885,0.6424986124038696,0.22442100942134857,-0.026753505691885948,0.6668598651885986,0.22759775817394257,-0.025267107412219048,0.6835988163948059,0.2276933491230011,-0.025998612865805626,0.6044493913650513,0.258029967546463,-0.030231427401304245,0.6377522945404053,0.25910472869873047,-0.031755127012729645,0.6562410593032837,0.2615152895450592,-0.030071571469306946,0.6706716418266296,0.26113083958625793,-0.029707137495279312,20.710417099999972
0.5581568479537964,0.267010360956192,0.0,0.5677696466445923,0.21962913870811462,0.011478091590106487,0.5867088437080383,0.18815100193023682,0.011275853961706161,0.6066803932189941,0.17238472402095795,0.00903419777750969,0.6207810044288635,0.17137019336223602,0.006544311065226793,0.597576916217804,0.16739511489868164,-0.00965637993067503,0.6372500061988831,0.16123542189598083,-0.014816264621913433,0.6587366461753845,0.16328445076942444,-0.01498807780444622,0.6735756993293762,0.16705286502838135,-0.014702870510518551,0.6009242534637451,0.1880079209804535,-0.01992335543036461,0.6468980312347412,0.18556152284145355,-0.02489316277205944,0.6718686819076538,0.19074025750160217,-0.023242473602294922,0.6883653998374939,0.1964852511882782,-0.022719353437423706,0.604816198348999,0.2183094322681427,-0.02815525233745575,0.6487031579017639,0.21458932757377625,-0.03130213916301727,0.6724287271499634,0.21920883655548096,-0.028438350185751915,0.687645673751831,0.22170887887477875,-0.02778354473412037,0.6078184247016907,0.2522272765636444,-0.035266708582639694,0.6420918703079224,0.2513130009174347,-0.03747662529349327,0.6600593328475952,0.2528039515018463,-0.03510662168264389,0.6731207370758057,0.25205591320991516,-0.03401932120323181,20.751211799999965
0.5603512525558472,0.26012641191482544,0.0,0.5707311034202576,0.2126406878232956,0.010537871159613132,0.5886183977127075,0.17867989838123322,0.01038980484008789,0.6077290773391724,0.16244256496429443,0.008605724200606346,0.6217722296714783,0.1623333990573883,0.006985750515013933,0.5989079475402832,0.15686552226543427,-0.01042238250374794,0.6397784352302551,0.15538513660430908,-0.015256846323609352,0.6577668190002441,0.16498756408691406,-0.0136858019977808,0.6674414873123169,0.17278394103050232,-0.011887495405972004,0.6038208603858948,0.17855077981948853,-0.02029726840555668,0.650075376033783,0.173235222697258,-0.025331638753414154,0.6734229922294617,0.17830583453178406,-0.022181058302521706,0.688339114189148,0.18368376791477203,-0.02039288729429245,0.6080645322799683,0.20953509211540222,-0.02831825241446495,0.65145343542099,0.20377591252326965,-0.032087475061416626,0.674018144607544,0.2070603370666504,-0.02842829003930092,0.6885700821876526,0.20826134085655212,-0.02675543539226055,0.6106706857681274,0.24501313269138336,-0.03527890518307686,0.6437835693359375,0.24195905029773712,-0.03840629383921623,0.6613319516181946,0.24082376062870026,-0.035944707691669464,0.6744649410247803,0.23808883130550385,-0.03432431071996689,20.79228230000001
0.5613426566123962,0.25894612073898315,0.0,0.5714794993400574,0.20982211828231812,0.009834414348006248,0.5911160707473755,0.17733964323997498,0.009155195206403732,0.613265872001648,0.1640709936618805,0.007111989893019199,0.6293865442276001,0.1661791056394577,0.005063626915216446,0.5986018180847168,0.154455304145813,-0.013510347343981266,0.6407990455627441,0.152384951710701,-0.018482591956853867,0.6619245409965515,0.15972833335399628,-0.016844695433974266,0.6752649545669556,0.16788266599178314,-0.015048685483634472,0.6030936241149902,0.17610742151737213,-0.02295483462512493,0.6499052047729492,0.1724914163351059,-0.02764640748500824,0.6730879545211792,0.17792226374149323,-0.023685796186327934,0.6883050799369812,0.18436075747013092,-0.021436043083667755,0.6075706481933594,0.20725378394126892,-0.03041817806661129,0.65180903673172,0.20167392492294312,-0.033567506819963455,0.6740222573280334,0.2046666145324707,-0.02926420047879219,0.6885903477668762,0.2065562903881073,-0.02747316099703312,0.6109500527381897,0.2430884689092636,-0.03682974725961685,0.6453235149383545,0.2386620193719864,-0.03982407972216606,0.6635643839836121,0.2376171350479126,-0.03721333667635918,0.6771228909492493,0.2356286495923996,-0.035560086369514465,20.82909470000004
0.5603266358375549,0.25983214378356934,0.0,0.5710492134094238,0.21001958847045898,0.012666733004152775,0.591332197189331,0.17892512679100037,0.01344158686697483,0.6142089366912842,0.16754694283008575,0.012487651780247688,0.630294919013977,0.17118969559669495,0.011530864052474499,0.5984457731246948,0.15406326949596405,-0.01086482685059309,0.6398916840553284,0.15235982835292816,-0.014545289799571037,0.6605084538459778,0.16179925203323364,-0.012114773504436016,0.673154354095459,0.17132242023944855,-0.00991107989102602,0.6030498743057251,0.1759478896856308,-0.021210528910160065,0.649289071559906,0.17077964544296265,-0.025198495015501976,0.6723787784576416,0.17635057866573334,-0.021048584952950478,0.6878232955932617,0.18284818530082703,-0.018640272319316864,0.6074766516685486,0.20741179585456848,-0.029270781204104424,0.6516932249069214,0.2002788931131363,-0.03156024217605591,0.6737885475158691,0.20228533446788788,-0.02718915417790413,0.6885676383972168,0.20357730984687805,-0.02546396479010582,0.6107746362686157,0.24390514194965363,-0.03595920279622078,0.6454761028289795,0.23890052735805511,-0.038081295788288116,0.6638283729553223,0.23706836998462677,-0.03522053360939026,0.6780102252960205,0.23436617851257324,-0.03347009792923927,20.8721951
0.5608729720115662,0.2619248926639557,0.0,0.5715881586074829,0.21138900518417358,0.012965132482349873,0.5910622477531433,0.179053395986557,0.013743074610829353,0.6123059988021851,0.16422727704048157,0.012484741397202015,0.6275190114974976,0.16330097615718842,0.011171577498316765,0.5995492935180664,0.15616102516651154,-0.009468750096857548,0.6402915120124817,0.1518212854862213,-0.0133997006341815,0.6613591909408569,0.1592099815607071,-0.01155290100723505,0.6749136447906494,0.16810375452041626,-0.009741916321218014,0.6037258505821228,0.1777888834476471,-0.02022777497768402,0.6497101783752441,0.17318324744701385,-0.024270903319120407,0.6728407740592957,0.17834223806858063,-0.020601624622941017,0.6883701682090759,0.18513497710227966,-0.018563639372587204,0.6079747080802917,0.2088862955570221,-0.028784407302737236,0.6520242094993591,0.20266349613666534,-0.031096363440155983,0.6741753220558167,0.2049284130334854,-0.02685612626373768,0.6887997388839722,0.20711106061935425,-0.02527218870818615,0.6112421154975891,0.24445588886737823,-0.03605442866683006,0.6461644172668457,0.24078518152236938,-0.038112424314022064,0.664354681968689,0.23957854509353638,-0.03527238965034485,0.67812579870224,0.23794035613536835,-0.03363365679979324,20.909667200000058
